Date         PM25    PBLH     PBLHm    T2         SPD     RAIN
2019030100  132.5299 539.5313  44.6687 278.9657   2.8722   0.3007
2019030200  141.9979 536.5534  15.8441 280.8053   3.5751   0.2470
2019030300  124.8307 557.7598   8.1303 280.9203   3.8047   0.2052
2019030400   94.2494 546.1748  39.1887 281.0390   3.0015   0.1709
2019030500   29.7047 1117.8188   9.7390 279.7508   6.0504   0.1386
2019030600   19.7147 890.3091   9.4075 274.9034   5.1267   0.1089
2019030700   34.8604 487.3478  17.0120 277.1620   3.4299   0.0898
2019030800   65.0999 618.0768  41.7401 280.9911   4.0569   0.0718
2019030900   73.3149 532.2012  22.7878 279.5635   3.1427   0.1440
2019031000   72.8757 516.6674  13.8367 277.9419   3.9216   0.7378
2019031100   16.1652 1346.8569   1.2921 277.7520   6.7136   0.8069
2019031200   14.1212 1103.0337   0.4972 274.6908   5.3351   0.5696
2019031300   17.4314 920.7160   6.1174 278.3015   3.9482   0.4001
2019031400   16.1381 1368.4022   0.9838 278.7389   4.5467   0.3028
2019031500   20.7348 785.2780  14.4080 278.4491   4.5515   0.2333
2019031600   24.7560 856.1336   1.9537 281.0212   4.6962   0.1698
2019031700   54.2555 712.1237  17.8357 283.4386   4.3264   0.1269
2019031800   63.0348 806.9897  22.4982 286.0180   3.9123   0.0944
2019031900   71.6974 1015.5967  19.0282 290.1076   4.9217   0.0697
2019032000   44.9019 1069.3896   9.3789 282.7193   5.9616   0.1255
2019032100   16.5203 930.6276  14.3088 275.7822   5.1329   0.0465
2019032200   13.0681 1546.1759   2.8553 277.2763   5.6036   0.0448
2019032300   21.5363 861.3623   8.6258 276.6420   4.1459   0.0435
2019032400   32.3197 938.0627   3.9650 282.6029   5.2983   0.0326
2019032500   25.1015 1025.2611   1.3005 283.2126   4.8005   0.0246
2019032600   63.1651 508.7218  16.5764 282.2148   3.6439   0.0192
2019032700   38.8034 866.5154  14.0676 280.9241   4.6183   0.0321
2019032800   25.9645 678.7269  27.8683 275.8171   3.3938   0.1854
2019032900   22.2659 1167.7092   8.4769 277.5808   5.8755   0.2245
2019033000   13.2955 1559.9915   0.4630 275.8926   6.1353   0.1845
2019033100   19.6067 1298.2568  11.8760 280.0179   4.1053   0.1388
2019040100   24.2826 883.5417  20.4780 280.4624   3.4153   0.1061
2019040200   34.0543 632.4581  30.7142 280.7766   3.3736   0.0807
2019040300   56.3321 655.9239  14.1105 284.6355   4.2652   0.0622
2019040400   36.9085 1206.0677   5.4346 289.0345   5.6249   0.0433
2019040500   35.7975 552.5115  10.5964 282.6060   5.6977   0.0310
2019040600   34.5737 663.2646  25.5576 283.2249   3.6084   0.0364
2019040700   36.4078 677.7997   3.3670 281.6656   4.6782   0.0717
2019040800   31.4163 578.2455  19.7456 281.0790   4.2633   0.3490
2019040900   32.8628 535.0367   7.5441 277.5613   3.5692   1.7816
2019041000   35.7079 869.9872  43.6569 282.2318   2.7760   0.9156
2019041100   42.8396 1018.4401  20.3062 282.6017   3.3659   0.5549
2019041200   59.9012 1091.8124  12.8114 286.5487   5.0812   0.3542
2019041300   49.2151 1123.0645  11.1326 284.2007   5.0594   0.2338
2019041400   21.9665 1125.9125   0.6682 286.6195   4.8787   0.1499
2019041500   38.7848 1195.0825   6.6210 290.3180   4.6545   0.0967
2019041600   67.4827 1033.7246  13.9702 291.0061   4.1750   0.0658
2019041700   59.9016 916.3106   1.8536 294.3393   7.3895   0.0423
2019041800   30.6013 702.5412  28.0444 284.8129   4.4340   0.0461
2019041900   25.7237 561.1976  31.8136 283.7543   3.5245   0.2992
2019042000   48.1621 365.8597  10.7698 285.9977   3.3932   0.1031
2019042100   65.4184 527.5323  11.2080 286.7242   3.9248   0.0626
2019042200   97.8540 638.4847   3.3892 292.2743   4.5576   0.0626
2019042300   80.5226 683.7162   4.3870 292.5493   4.1943   0.1870
2019042400   27.8814 482.4176   0.4026 280.0222   7.1625   3.6098
2019042500   22.7026 725.1891  21.9096 281.6575   3.4942   3.3768
2019042600   28.8690 846.0221  56.1081 284.3636   2.4762   1.7332
2019042700   37.2539 512.5231  11.3534 281.5837   4.1956   1.0443
2019042800   56.3321 515.3091   9.2925 286.5171   3.8574   0.5769
2019042900   72.7639 818.6360   5.6631 289.6714   5.2533   0.3382
2019043000   15.1523 1125.0948   0.3537 287.6411   7.3797   0.1989
2019050100   18.7976 1260.6414   4.9224 290.7843   4.1049   0.1281
2019050200   30.1906 1538.8221   2.7784 292.4343   3.8851   0.0879
2019050300   51.9760 1255.9520  21.8158 294.3930   3.8304   0.0613
2019050400   48.1330 944.4388   5.3062 292.9302   5.1975   0.0867
2019050500   18.3728 911.2372  10.4800 284.9179   5.8858   0.0391
2019050600   19.4094 1215.6318   7.3272 287.6686   4.1941   0.0269
2019050700   27.6139 1128.8586   6.7008 291.7276   3.7582   0.0185
2019050800   43.6018 1012.6385  30.0101 291.9106   3.6655   0.0129
2019050900   37.2771 1343.6538  29.7637 292.9120   3.0319   0.0090
2019051000   60.2408 1308.7679  22.3150 293.0531   3.9662   0.0375
2019051100   62.3232 901.2414  25.6656 290.9903   3.8777   0.1903
2019051200   53.8482 936.0472   6.7479 286.7255   5.6263   0.2254
2019051300   26.1113 979.1774  13.3337 288.7819   4.8414   0.0723
2019051400   63.7390 924.5698  38.2919 294.3977   3.2341   0.0460
2019051500   71.5818 1076.2921   2.2928 294.4401   5.2665   0.0422
2019051600   56.8062 1179.6218  25.1875 296.9728   3.7610   0.0244
2019051700   62.0799 1138.8250   6.7927 297.0022   4.7261   0.1735
2019051800   43.5135 594.3052   4.7756 290.9541   5.4324   0.4755
2019051900   20.6203 1535.6042   2.0843 286.5208   8.9983   0.0530
2019052000   14.5435 1117.4980   0.3928 288.2855   7.0836   0.0178
2019052100   17.0307 1075.3320   7.2529 292.7928   4.9727   0.0108
2019052200   23.8440 1308.0206  12.5723 297.4373   3.8553   0.0070
2019052300   38.6998 1089.3330  18.5718 300.4547   3.7258   0.0045
2019052400   46.3268 1024.8700  28.3541 300.3010   4.7220   0.0028
2019052500   58.1423 1119.0924  13.6351 299.7469   4.3658   0.4727
2019052600   31.3557 738.7184   8.8010 289.3854   6.6160   0.5661
2019052700   15.2660 1164.5786   4.6466 291.2139   5.5647   0.0014
2019052800   19.3772 1195.0569   7.2338 295.6162   4.1340   0.0009
2019052900   31.1733 1054.7710  19.4951 297.2405   3.6950   0.0005
2019053000   18.5542 1057.8192   0.5385 292.4792   5.7237   0.0003
2019053100   19.3440 1201.8119  19.5131 295.2328   3.6487   0.0003
