Date         PM25    PBLH     PBLHm    T2         SPD     RAIN
2019010100   46.5238 381.0964 110.4928 268.0275   3.4890   0.1083
2019010200   80.4810 323.8454 216.0626 269.3896   2.4599   0.1002
2019010300  103.6201 387.5303 116.9540 270.1069   3.8339   0.0919
2019010400   25.7838 435.3523 100.7305 268.0201   4.1304   0.0835
2019010500   36.1709 387.7465 189.1263 269.1970   2.6405   0.0762
2019010600   70.1227 329.1290 129.6787 269.3503   3.5265   0.0698
2019010700   28.1254 570.6119 100.1809 269.1665   4.3424   0.0638
2019010800   26.0914 466.4701 139.2267 267.8369   3.4148   0.0583
2019010900   52.2865 415.7379  86.4227 270.3517   4.1692   0.0535
2019011000  100.2029 251.2468 155.2661 273.6335   3.0460   0.0496
2019011100  151.7756 257.3304 206.3879 272.5326   2.4991   0.0463
2019011200  145.4630 418.4555  84.0653 273.3088   4.4724   0.0434
2019011300   71.3164 327.8720 155.0480 272.2859   3.3867   0.0391
2019011400   65.2713 801.5455  59.3711 270.6566   6.3311   0.0354
2019011500   19.6625 583.1489  78.1760 265.7886   4.9157   0.0315
2019011600   36.7404 388.4657  69.5642 269.7164   4.5627   0.0283
2019011700   53.7694 315.8161 149.3093 271.7301   3.1524   0.0257
2019011800   58.0471 435.0321 116.7500 273.3193   4.1169   0.0233
2019011900   22.6621 665.3051  92.1249 271.4528   4.2101   0.0209
2019012000   23.4477 567.0184  57.3497 270.8504   5.5420   0.0186
2019012100   35.1437 400.7725  84.0302 273.1350   4.5078   0.0165
2019012200   36.3633 367.3818  82.6601 274.8078   4.4155   0.0148
2019012300   43.0234 333.7788 130.0863 272.5624   3.3401   0.0132
2019012400   48.1145 422.1442  98.7242 271.4217   3.9253   0.0120
2019012500   19.2152 488.5455  90.0063 269.7694   4.3987   0.0107
2019012600   49.5734 367.7561 136.5609 270.5528   3.2502   0.0096
2019012700   39.3224 805.5236  68.2554 271.9984   5.6568   0.0085
2019012800   48.4235 361.4650 139.8812 272.1733   3.2069   0.0075
2019012900   83.1454 434.1563 115.1665 275.0807   4.2891   0.0067
2019013000   15.9648 712.6204  56.5439 268.7353   5.8413   0.0058
2019013100   24.7174 588.6617  74.2492 267.6507   4.6160   0.0052
2019020100   54.1879 381.8128  91.8789 271.9700   4.4633   0.0047
2019020200   89.2309 466.6512 132.3041 274.9542   4.0274   0.0046
2019020300   30.9034 769.2842 113.0775 270.4013   4.0208   0.0053
2019020400   69.9166 405.2537  98.2537 270.6077   4.1385   0.0053
2019020500   76.0514 428.2647 101.9920 269.4397   4.0210   0.0054
2019020600   35.3564 682.2982  81.1035 265.4995   4.8607   0.2758
2019020700   17.6111 510.7983 174.9673 264.1385   3.3488   0.4203
2019020800   27.5689 668.7648 112.5988 265.2213   4.0008   0.4043
2019020900   22.4598 486.2903 200.8652 265.5356   2.6414   0.3701
2019021000   45.1539 539.9078 134.6422 266.7494   3.4224   0.3352
2019021100   41.9037 599.2393  72.4705 268.0674   4.6241   0.3243
2019021200   43.6197 419.0604 138.7548 265.7841   3.5952   0.5810
2019021300   32.6329 485.5244 205.5878 266.5742   2.5705   0.5793
2019021400   39.8950 446.3148  88.6090 264.4360   4.6587   2.7303
2019021500   15.9378 731.9607  27.3801 265.8341   6.7495   2.9455
2019021600   15.5016 552.1232  55.6047 266.7425   5.2812   2.5267
2019021700   29.7326 359.7017 123.4413 270.9318   3.5442   2.0869
2019021800   56.0780 398.0966 235.3703 273.1839   2.2711   1.9559
2019021900   67.2619 606.8981  90.8204 271.6423   4.4284   2.3093
2019022000   56.5491 370.2672 133.8943 272.4407   3.5725   1.8146
2019022100  111.4734 280.0490 162.6069 275.3000   3.0369   1.3815
2019022200  106.5719 376.5029 175.3291 277.7549   2.8139   1.0327
2019022300  119.8208 410.2778 131.5555 277.1137   3.5739   0.7807
2019022400   68.0744 472.6127 107.5779 277.3335   3.7315   0.6059
2019022500   39.7601 430.4036 163.3633 275.2988   2.9862   0.4923
2019022600   57.2268 399.7247 143.5141 275.5424   3.1769   0.5186
2019022700   65.8943 513.3388 137.3634 276.2494   3.2487   0.4444
2019022800   93.8429 548.7872 164.9230 277.7888   2.9757   0.3651
2019030100  132.5299 539.5313  44.6687 278.9657   2.8722   0.3007
2019030200  141.9979 536.5534  15.8441 280.8053   3.5751   0.2470
2019030300  124.8307 557.7598   8.1303 280.9203   3.8047   0.2052
2019030400   94.2494 546.1748  39.1887 281.0390   3.0015   0.1709
2019030500   29.7047 1117.8188   9.7390 279.7508   6.0504   0.1386
2019030600   19.7147 890.3091   9.4075 274.9034   5.1267   0.1089
2019030700   34.8604 487.3478  17.0120 277.1620   3.4299   0.0898
2019030800   65.0999 618.0768  41.7401 280.9911   4.0569   0.0718
2019030900   73.3149 532.2012  22.7878 279.5635   3.1427   0.1440
2019031000   72.8757 516.6674  13.8367 277.9419   3.9216   0.7378
2019031100   16.1652 1346.8569   1.2921 277.7520   6.7136   0.8069
2019031200   14.1212 1103.0337   0.4972 274.6908   5.3351   0.5696
2019031300   17.4314 920.7160   6.1174 278.3015   3.9482   0.4001
2019031400   16.1381 1368.4022   0.9838 278.7389   4.5467   0.3028
2019031500   20.7348 785.2780  14.4080 278.4491   4.5515   0.2333
2019031600   24.7560 856.1336   1.9537 281.0212   4.6962   0.1698
2019031700   54.2555 712.1237  17.8357 283.4386   4.3264   0.1269
2019031800   63.0348 806.9897  22.4982 286.0180   3.9123   0.0944
2019031900   71.6974 1015.5967  19.0282 290.1076   4.9217   0.0697
2019032000   44.9019 1069.3896   9.3789 282.7193   5.9616   0.1255
2019032100   16.5203 930.6276  14.3088 275.7822   5.1329   0.0465
2019032200   13.0681 1546.1759   2.8553 277.2763   5.6036   0.0448
2019032300   21.5363 861.3623   8.6258 276.6420   4.1459   0.0435
2019032400   32.3197 938.0627   3.9650 282.6029   5.2983   0.0326
2019032500   25.1015 1025.2611   1.3005 283.2126   4.8005   0.0246
2019032600   63.1651 508.7218  16.5764 282.2148   3.6439   0.0192
2019032700   38.8034 866.5154  14.0676 280.9241   4.6183   0.0321
2019032800   25.9645 678.7269  27.8683 275.8171   3.3938   0.1854
2019032900   22.2659 1167.7092   8.4769 277.5808   5.8755   0.2245
2019033000   13.2955 1559.9915   0.4630 275.8926   6.1353   0.1845
2019033100   19.6067 1298.2568  11.8760 280.0179   4.1053   0.1388
2019040100   24.2826 883.5417  20.4780 280.4624   3.4153   0.1061
2019040200   34.0543 632.4581  30.7142 280.7766   3.3736   0.0807
2019040300   56.3321 655.9239  14.1105 284.6355   4.2652   0.0622
2019040400   36.9085 1206.0677   5.4346 289.0345   5.6249   0.0433
2019040500   35.7975 552.5115  10.5964 282.6060   5.6977   0.0310
2019040600   34.5737 663.2646  25.5576 283.2249   3.6084   0.0364
2019040700   36.4078 677.7997   3.3670 281.6656   4.6782   0.0717
2019040800   31.4163 578.2455  19.7456 281.0790   4.2633   0.3490
2019040900   32.8628 535.0367   7.5441 277.5613   3.5692   1.7816
2019041000   35.7079 869.9872  43.6569 282.2318   2.7760   0.9156
2019041100   42.8396 1018.4401  20.3062 282.6017   3.3659   0.5549
2019041200   59.9012 1091.8124  12.8114 286.5487   5.0812   0.3542
2019041300   49.2151 1123.0645  11.1326 284.2007   5.0594   0.2338
2019041400   21.9665 1125.9125   0.6682 286.6195   4.8787   0.1499
2019041500   38.7848 1195.0825   6.6210 290.3180   4.6545   0.0967
2019041600   67.4827 1033.7246  13.9702 291.0061   4.1750   0.0658
2019041700   59.9016 916.3106   1.8536 294.3393   7.3895   0.0423
2019041800   30.6013 702.5412  28.0444 284.8129   4.4340   0.0461
2019041900   25.7237 561.1976  31.8136 283.7543   3.5245   0.2992
2019042000   48.1621 365.8597  10.7698 285.9977   3.3932   0.1031
2019042100   65.4184 527.5323  11.2080 286.7242   3.9248   0.0626
2019042200   97.8540 638.4847   3.3892 292.2743   4.5576   0.0626
2019042300   80.5226 683.7162   4.3870 292.5493   4.1943   0.1870
2019042400   27.8814 482.4176   0.4026 280.0222   7.1625   3.6098
2019042500   22.7026 725.1891  21.9096 281.6575   3.4942   3.3768
2019042600   28.8690 846.0221  56.1081 284.3636   2.4762   1.7332
2019042700   37.2539 512.5231  11.3534 281.5837   4.1956   1.0443
2019042800   56.3321 515.3091   9.2925 286.5171   3.8574   0.5769
2019042900   72.7639 818.6360   5.6631 289.6714   5.2533   0.3382
2019043000   15.1523 1125.0948   0.3537 287.6411   7.3797   0.1989
2019050100   18.7976 1260.6414   4.9224 290.7843   4.1049   0.1281
2019050200   30.1906 1538.8221   2.7784 292.4343   3.8851   0.0879
2019050300   51.9760 1255.9520  21.8158 294.3930   3.8304   0.0613
2019050400   48.1330 944.4388   5.3062 292.9302   5.1975   0.0867
2019050500   18.3728 911.2372  10.4800 284.9179   5.8858   0.0391
2019050600   19.4094 1215.6318   7.3272 287.6686   4.1941   0.0269
2019050700   27.6139 1128.8586   6.7008 291.7276   3.7582   0.0185
2019050800   43.6018 1012.6385  30.0101 291.9106   3.6655   0.0129
2019050900   37.2771 1343.6538  29.7637 292.9120   3.0319   0.0090
2019051000   60.2408 1308.7679  22.3150 293.0531   3.9662   0.0375
2019051100   62.3232 901.2414  25.6656 290.9903   3.8777   0.1903
2019051200   53.8482 936.0472   6.7479 286.7255   5.6263   0.2254
2019051300   26.1113 979.1774  13.3337 288.7819   4.8414   0.0723
2019051400   63.7390 924.5698  38.2919 294.3977   3.2341   0.0460
2019051500   71.5818 1076.2921   2.2928 294.4401   5.2665   0.0422
2019051600   56.8062 1179.6218  25.1875 296.9728   3.7610   0.0244
2019051700   62.0799 1138.8250   6.7927 297.0022   4.7261   0.1735
2019051800   43.5135 594.3052   4.7756 290.9541   5.4324   0.4755
2019051900   20.6203 1535.6042   2.0843 286.5208   8.9983   0.0530
2019052000   14.5435 1117.4980   0.3928 288.2855   7.0836   0.0178
2019052100   17.0307 1075.3320   7.2529 292.7928   4.9727   0.0108
2019052200   23.8440 1308.0206  12.5723 297.4373   3.8553   0.0070
2019052300   38.6998 1089.3330  18.5718 300.4547   3.7258   0.0045
2019052400   46.3268 1024.8700  28.3541 300.3010   4.7220   0.0028
2019052500   58.1423 1119.0924  13.6351 299.7469   4.3658   0.4727
2019052600   31.3557 738.7184   8.8010 289.3854   6.6160   0.5661
2019052700   15.2660 1164.5786   4.6466 291.2139   5.5647   0.0014
2019052800   19.3772 1195.0569   7.2338 295.6162   4.1340   0.0009
2019052900   31.1733 1054.7710  19.4951 297.2405   3.6950   0.0005
2019053000   18.5542 1057.8192   0.5385 292.4792   5.7237   0.0003
2019053100   19.3440 1201.8119  19.5131 295.2328   3.6487   0.0003
2019060100   43.8131 1002.5486   2.1873 295.1568   3.2390   0.1680
2019060200   44.1347 1089.8755   1.5571 297.1647   3.9597   0.1406
2019060300   37.1425 1096.1653   2.1069 295.0457   3.3101   0.0801
2019060400   54.1630 531.4341   1.1256 293.7394   4.2258   0.0855
2019060500   48.2122 693.5969   2.2473 295.4794   2.9255   0.1438
2019060600   51.0290 544.0522   1.4056 292.1691   3.4984   0.2779
2019060700   44.6430 909.0888   1.1378 296.6562   4.0948   0.0295
2019060800   21.9601 1587.0406   1.0806 296.6709   5.6511   0.0127
2019060900   23.7792 1038.4524   1.7196 295.1473   4.4529   0.0104
2019061000   34.4466 1130.3545   2.0982 295.1013   3.2830   0.0116
2019061100   43.7917 646.3096   1.3533 295.3069   3.8713   0.0094
2019061200   45.0712 764.1124   1.2973 299.1444   4.7941   0.0619
2019061300   36.2359 605.6750   3.1082 295.9076   3.1642   0.2557
2019061400   32.2958 1077.5226   0.7123 296.8938   3.7545   0.0004
2019061500   27.4864 786.2430   1.1360 295.8278   4.3018   0.0506
2019061600   31.7291 456.2426   2.1661 291.1035   3.7893   0.1485
2019061700   48.6111 573.7087   2.0933 295.9069   3.5187   0.0390
2019061800   52.7607 652.8505   2.9300 297.5948   2.9560   0.1715
2019061900   59.2114 742.7190   2.4852 298.3656   2.9144   0.0782
2019062000   50.3357 1079.4557   3.9590 300.7840   2.6574   0.0608
2019062100   45.7712 456.8760   1.9013 295.4103   3.1878   0.4389
2019062200   34.7752 884.3508   2.1852 298.4827   2.6964   0.0073
2019062300   43.9492 958.8632   2.1295 300.3604   2.9762   0.0032
2019062400   46.9028 1137.3494   2.4328 300.6161   3.6459   0.0030
2019062500   50.9675 1081.8477   1.2424 298.9836   4.7190   0.0075
2019062600   50.3370 649.2571   1.2534 294.9834   4.2328   0.0007
2019062700   46.8988 567.8185   1.1697 297.1736   3.3513   0.0768
2019062800   41.7694 776.4473   1.7844 296.6367   3.2381   0.0257
2019062900   20.7475 1220.3706   1.0129 297.2315   5.4325   0.0076
2019063000   17.9293 1127.3979   0.7810 295.3896   4.3579   0.0036
2019070100   20.9670 1250.6061   3.5499 298.5559   2.4632   0.0740
2019070200   30.3294 848.9592   2.5409 297.8827   2.9359   0.1118
2019070300   26.6031 1207.1930   3.3822 300.4418   2.6421   0.0022
2019070400   39.7653 1231.8137   1.9526 302.6235   3.7399   0.0523
2019070500   29.2254 799.2180   0.9132 297.4849   5.3793   0.5683
2019070600   22.1161 687.1678   0.5065 292.8422   5.9829   0.5911
2019070700   31.7084 383.2482   3.0817 290.8142   3.0927   0.0991
2019070800   36.7091 701.9145   3.0112 296.2577   2.4810   0.0245
2019070900   40.8162 630.2745   4.3072 295.6502   2.1463   0.2418
2019071000   42.1554 519.3318   2.4939 292.7216   3.1101   0.2026
2019071100   39.4638 685.9966   2.4512 294.7261   2.7013   0.0289
2019071200   41.8989 877.3908   3.4043 298.9624   2.5747   0.0345
2019071300   41.5834 820.8537   2.6930 299.2209   2.5551   0.1109
2019071400   33.6756 774.8604   3.6569 298.6091   2.4290   0.1257
2019071500   43.7966 821.5818   2.4990 299.2513   2.6646   0.1272
2019071600   44.5511 402.3044   4.0357 296.0129   2.4430   0.5155
2019071700   60.8387 525.8598   3.0887 297.0122   2.5975   0.1539
2019071800   62.9019 695.0698   2.6179 298.0267   3.0293   0.0410
2019071900   53.7830 569.7609   0.8337 297.1365   3.8413   0.3154
2019072000   58.4291 384.5550   1.6175 294.8873   3.3188   0.0279
2019072100   53.9075 649.9383   1.5802 300.8194   3.2639   0.0050
2019072200   61.4595 555.3049   1.3183 299.5828   3.6473   0.6084
2019072300   36.5489 629.5488   3.1780 298.7436   2.6185   0.0121
2019072400   41.4412 765.0187   2.4177 302.4845   2.8080   0.0184
2019072500   34.3114 953.5709   2.0179 301.7741   3.1912   0.1304
2019072600   53.7561 731.7974   1.8218 302.3749   3.0821   0.0124
2019072700   55.9835 959.3641   2.0828 301.1124   4.2780   0.1309
2019072800   51.3953 557.1395   2.4146 300.3241   2.9292   0.7757
2019072900   29.9148 278.1094   2.4742 296.5524   3.4958   1.9253
2019073000   32.0733 679.2366   1.5609 299.9785   3.4494   0.0170
2019073100   32.4205 751.1113   2.7950 300.1668   2.8045   0.0178
2019080100   40.9073 678.1801   2.7153 299.3578   2.5567   0.0848
2019080200   34.8030 526.4728   1.6454 296.9121   3.1187   0.0878
2019080300   39.0043 573.1367   2.8293 297.0025   2.4601   0.0835
2019080400   40.9819 528.3528   0.8979 295.8246   3.7174   0.6049
2019080500   40.5185 247.2400   2.2722 293.6310   2.7963   0.5288
2019080600   45.8783 415.1921   2.1547 296.2054   2.7502   0.1303
2019080700   31.7703 422.4979   3.6715 296.1289   2.3364   0.4519
2019080800   42.0948 682.0989   4.0337 297.9305   2.3175   0.0545
2019080900   41.7407 363.1061   4.7022 296.3228   2.4789   1.7832
2019081000   33.4686 385.3718   2.3659 294.4564   2.8390   0.4794
2019081100   28.5985 338.8262   1.6930 291.9203   3.2551   0.1388
2019081200   26.0027 540.0831   2.2951 293.6635   3.5045   0.0706
2019081300   31.8081 438.5685   3.4764 293.7817   2.5317   0.0383
2019081400   29.2415 599.9824   3.8486 295.7735   2.3309   0.0005
2019081500   30.5380 535.4963   2.3500 295.9579   3.3758   0.1817
2019081600   15.6805 850.9635   0.5190 293.0632   5.5958   0.0157
2019081700   16.0403 798.6152   0.7061 294.1468   4.7471   0.0000
2019081800   29.3451 653.5853   2.3253 296.4232   2.7810   0.0000
2019081900   48.9780 704.7028   1.5170 298.4073   4.1070   0.0809
2019082000   45.0639 277.6793   1.1314 292.3283   4.0473   0.5481
2019082100   17.9844 690.8167   0.7293 294.6484   4.0776   0.0000
2019082200   16.6966 743.2305   0.5484 294.3098   4.5320   0.0000
2019082300   22.8503 615.8336   1.9959 295.6178   2.9850   0.0000
2019082400   25.1893 714.8162   2.3563 295.4902   2.7683   0.0018
2019082500   40.8357 621.6605   1.6498 295.4564   3.4003   0.0024
2019082600   58.8075 393.8596   2.0611 293.8881   3.1822   0.0816
2019082700   21.7871 968.2874   1.2504 294.8792   4.0789   0.0012
2019082800   14.8192 1038.2416   0.4501 292.0173   6.5730   0.0003
2019082900   15.9010 924.6619   0.4595 292.3610   5.6392   0.0006
2019083000   17.8223 834.4473   2.0812 292.6600   3.3792   0.0007
2019083100   25.9545 911.0479   4.3225 294.0071   2.3293   0.0010
2019090100   32.0483 776.0157 105.7063 294.5649   3.1127   0.0149
2019090200   43.1709 728.7465  57.0080 295.8141   3.4945   0.0165
2019090300   46.2932 674.1273  90.3266 295.2432   3.0495   0.0142
2019090400   47.0275 548.0718  66.7228 292.9793   3.2522   0.0314
2019090500   50.1959 443.2495  32.8232 292.3640   2.8462   0.0182
2019090600   57.7483 482.2607  98.9991 293.4502   3.0448   0.0267
2019090700   50.0457 484.2684  18.6401 293.9953   3.8207   0.0265
2019090800   46.7328 669.1655  84.2835 297.9432   2.8358   0.0324
2019090900   52.5818 541.1260  53.9548 294.4379   3.4628   0.4009
2019091000   22.6483 371.6886   3.1124 291.3003   3.5147   0.1695
2019091100   22.6034 558.9958  95.0612 293.0888   2.8065   0.0893
2019091200   30.6373 614.5044  54.6059 294.3547   3.5336   0.7511
2019091300   24.3183 598.0654 109.7981 294.1403   4.0505   0.0374
2019091400   24.4508 809.2704  95.1700 293.1279   2.5506   0.0000
2019091500   29.3211 738.5735  11.1132 293.5375   4.1029   0.0010
2019091600   24.1369 561.1287  44.8278 290.6039   3.3963   0.0020
2019091700   31.4234 789.8856  19.7018 291.9735   4.4212   0.0059
2019091800   20.2192 514.2064  96.7043 288.4302   2.7375   0.0038
2019091900   30.9189 502.7369  46.2536 293.0583   3.7163   0.0062
2019092000   44.0173 727.7861 105.3920 293.7205   2.6615   0.0323
2019092100   56.9011 604.5037  30.2897 292.2896   2.8450   0.0409
2019092200   53.1726 574.7876 132.3368 291.2881   2.6582   0.0315
2019092300   30.9294 752.6937 107.5707 294.4627   3.5509   0.0233
2019092400   24.7246 651.4431  84.7455 293.6559   3.3193   0.0177
2019092500   30.9286 626.3407 194.6355 293.9470   2.5464   0.0149
2019092600   39.7986 665.4297  57.0652 293.6173   2.6573   0.0130
2019092700   48.6276 653.3648  49.0918 293.0622   3.0230   0.0156
2019092800   55.2520 746.9403  40.2455 294.6667   3.0968   0.0132
2019092900   58.0500 724.0959 108.7558 295.3779   2.7619   0.0106
2019093000   61.5128 720.7263  95.4567 295.8403   2.9593   0.0090
2019100100   57.1412 742.2820 100.9118 295.6016   3.1528   0.0087
2019100200   56.1024 595.2423  76.3949 295.4258   3.0194   0.0056
2019100300   46.6956 725.8865  55.5884 293.4910   4.8671   0.1680
2019100400   17.6652 555.9459  17.9340 282.3961   4.9463   0.0918
2019100500   19.1665 579.6883  64.7926 284.5629   2.8314   0.0000
2019100600   30.8756 467.6207  11.6171 286.0267   3.2337   0.0001
2019100700   23.5113 901.9783  14.3772 287.9300   4.7138   0.0000
2019100800   22.6261 464.0961  63.1328 284.7862   3.0850   0.0000
2019100900   40.0499 642.3265   9.9256 290.7991   3.9124   0.0000
2019101000   49.9852 620.8706  78.8588 290.6201   2.9363   0.0194
2019101100   37.7989 446.4484  23.3980 286.5482   3.9782   0.0015
2019101200   31.9079 462.0854  33.0319 285.9620   4.0297   0.0260
2019101300   23.5097 457.9552   1.6695 278.7383   4.6093   0.1161
2019101400   19.0116 522.5737  44.4150 279.6965   3.1612   0.0169
2019101500   25.0557 454.5974  46.9515 283.3690   2.7553   0.0123
2019101600   34.4654 423.3105 142.1859 285.0027   2.1304   0.0111
2019101700   53.3632 463.1201 221.7014 284.8950   1.8942   0.0171
2019101800   76.1874 495.2706 198.5632 285.6744   2.3749   0.0074
2019101900  113.2826 604.5641  28.0233 288.3372   3.9287   0.0125
2019102000   28.7590 471.1816   0.4553 284.6594   5.2507   0.0056
2019102100   28.6954 370.3143  76.1122 284.6118   2.7872   0.0045
2019102200   61.3881 335.4834  93.0999 287.2214   2.8482   0.0044
2019102300   89.8078 432.8074  63.6473 288.4092   2.9493   0.0065
2019102400   42.7307 745.7374  11.0554 282.7864   5.8305   0.0412
2019102500   19.3053 556.4051   4.1730 278.7577   4.4842   0.0013
2019102600   35.2899 504.2043  23.5882 281.8713   4.1752   0.0011
2019102700   49.2978 663.8552  45.2126 284.0096   4.6426   0.0009
2019102800   19.0727 759.5458  22.4640 278.7791   6.7990   0.0007
2019102900   41.7140 403.9250  28.1833 283.5542   3.9681   0.0006
2019103000   48.7540 419.9341   1.1190 286.2522   4.1998   0.0005
2019103100   35.8527 370.9503  79.2394 286.0743   3.0248   0.0012
2019110100   34.5178 329.1004  33.8167 285.5887   3.2223   0.0479
2019110200   43.3914 384.4498 165.7880 284.0889   3.4238   0.1842
2019110300   38.3336 341.1755 141.1428 280.3126   3.0075   0.0051
2019110400   53.6721 328.7707  35.9948 282.4029   3.2983   0.0012
2019110500   42.4789 330.5553  73.4820 280.9444   3.0465   0.0010
2019110600   50.1143 475.1001  24.6457 282.8224   4.0424   0.0012
2019110700   24.9859 339.3750  95.7040 278.0279   3.1268   0.0010
2019110800   46.4832 267.7221  92.7229 281.4549   2.9990   0.0009
2019110900   95.0181 492.0037  27.4274 283.9629   4.4890   0.3624
2019111000   27.0554 731.2695   0.4467 281.8279   7.1953   0.1031
2019111100   30.8056 454.9053  54.8131 282.8066   2.8366   0.0836
2019111200   39.9110 779.0710   0.6633 284.1970   5.6027   0.0665
2019111300   15.5979 1020.4001  50.1925 272.2177   5.7999   0.0530
2019111400   33.4237 349.5226  88.2389 276.4183   3.9212   0.0447
2019111500   41.1657 276.6766  57.4296 276.6033   3.1826   0.0405
2019111600   49.0998 249.1671  95.0107 278.4520   3.5460   0.0837
2019111700   34.1219 1040.5750  17.9557 273.8616   8.5088   0.0467
2019111800   18.6071 957.4757  22.6001 269.9995   6.2955   0.0353
2019111900   33.5612 461.9384  19.8700 273.7737   3.2579   0.0292
2019112000   71.5147 235.4799  71.6597 278.3493   2.4735   0.0258
2019112100  103.3115 280.0186 102.1859 279.2601   2.9043   0.0251
2019112200  128.6629 249.1960  73.9572 281.2773   3.1700   0.0453
2019112300   89.6817 457.8399  34.4631 280.8984   4.1573   0.0283
2019112400   14.1695 868.0882  15.4939 270.8605   6.0631   0.0279
2019112500   27.7239 369.4336 122.6280 271.9465   2.6553   0.0237
2019112600   37.2103 493.9868  56.7160 275.6581   3.8275   0.0201
2019112700   21.1805 471.0519 114.8627 270.8924   3.2252   0.0172
2019112800   39.0809 254.2258 134.0815 271.7265   2.1398   0.0153
2019112900   66.6410 342.3188  92.2635 274.1844   3.2249   1.8791
2019113000   42.7483 561.4542  11.5487 271.8235   5.4852   3.6659
2019120100   18.7117 848.3173  48.5699 269.9030   5.5352   2.8898
2019120200   21.6767 641.7604  60.6956 271.3399   5.1676   2.3498
2019120300   24.0578 615.3672 105.6423 272.8063   4.2788   1.9296
2019120400   22.7568 671.8837  76.2296 272.0264   4.7600   1.5981
2019120500   24.5598 392.0731 175.0723 268.3744   3.2078   1.3905
2019120600   45.8482 334.4602 109.1999 272.8603   3.5889   1.2006
2019120700   70.0225 263.0125 193.3322 272.9571   2.6665   1.0307
2019120800   99.1342 315.6544 102.3013 275.5880   3.8609   0.8636
2019120900   80.8422 353.9248 141.4598 275.7607   3.5148   0.7220
2019121000   42.0963 692.2866  79.0056 274.1459   5.3363   0.6101
2019121100   17.5389 660.4636 106.1033 269.9186   5.4666   0.5075
2019121200   40.3359 326.6630 106.8536 273.4379   3.9444   0.4350
2019121300   23.2878 511.0053  73.8770 274.2598   4.8856   0.3721
2019121400   32.1817 293.4746 195.8978 273.7404   2.6983   0.3340
2019121500   64.8428 210.9386 234.1004 276.8886   2.2831   0.6416
2019121600   69.4288 420.6520  95.0751 275.2559   4.7362   1.6022
2019121700   16.5985 587.4619  97.2607 270.4111   5.0690   1.3665
2019121800   31.3070 468.8169 142.6956 271.0803   3.3543   1.2077
2019121900   18.1510 526.6332 134.2085 268.6446   4.2274   1.0715
2019122000   41.7312 436.1121 108.4688 270.7213   3.8216   0.9487
2019122100   57.1427 363.9986 232.6142 272.1237   2.3370   0.8392
2019122200   64.1631 466.4855 118.3148 272.5117   3.7344   0.7306
2019122300   55.5875 347.6147 229.0225 271.4365   2.3566   0.6492
2019122400   76.0836 285.4639 153.0961 273.3628   3.1962   0.5831
2019122500   42.3265 593.6336  84.4327 272.7910   4.5336   0.5173
2019122600   31.0089 564.2041 162.5461 270.9116   3.3772   0.4556
2019122700   53.2581 329.4627 171.3784 272.9964   2.8946   0.4089
2019122800   87.2889 254.1635 171.4799 274.4149   2.9476   0.3636
2019122900   49.4742 720.8414  43.3436 271.7860   6.6754   0.3158
2019123000   15.2814 863.2068  50.5869 264.8180   7.0981   0.2686
2019123100   35.3837 331.7166 129.6007 269.9303   3.7060   0.2328
