Date         PM25    PBLH     PBLHm    T2         SPD     RAIN
2017030100   18.3843 919.8029  16.7692 272.1514   6.1469   0.4045
2017030200   39.7286 558.6239   0.7452 278.5507   5.4968   0.3121
2017030300   70.8806 442.6249  20.9638 277.5141   3.2636   0.2501
2017030400   68.3643 572.6179  22.2990 277.4435   3.8424   0.2098
2017030500   22.4709 1141.2117  63.0221 273.7035   4.7334   0.1684
2017030600   18.9138 1180.1493  16.6045 272.4707   6.1635   0.1905
2017030700   13.9931 1024.3268   0.9860 272.6800   6.5355   0.1581
2017030800   17.5014 828.0389   3.0859 275.9672   5.4954   0.1225
2017030900   27.8175 555.3981  24.7316 278.3037   3.9519   0.0965
2017031000   53.7017 594.1835  19.3877 281.4987   3.3097   0.0776
2017031100   35.6879 1116.8276  16.3064 281.4556   5.4288   0.0606
2017031200   17.1920 759.7020   2.8069 275.6183   5.3200   0.0472
2017031300   23.6992 611.1562  43.8357 277.2971   3.4114   0.0381
2017031400   37.8241 629.1085  51.0265 278.5200   2.6135   0.0312
2017031500   71.4779 534.1674  24.3958 279.5021   3.4615   0.0259
2017031600   90.2884 703.0311  27.7587 281.5347   3.5595   0.0223
2017031700  116.4813 585.4337  25.2841 281.7904   3.9089   0.1243
2017031800  146.1811 658.7537  46.3554 281.6150   3.0829   0.1114
2017031900  165.4644 693.6056  30.2901 284.0443   3.6333   0.1008
2017032000   86.0570 480.1127  10.9833 277.8372   4.4683   0.3005
2017032100   76.5910 599.4131  41.3954 279.1619   2.9538   0.2203
2017032200  121.6897 629.8157  24.0055 281.5047   3.6838   0.4882
2017032300   82.8095 580.9023   1.3609 278.1991   4.5384   1.8260
2017032400   63.0364 350.9048   9.3893 275.9923   3.6228   3.9890
2017032500   39.9381 819.2958  13.1666 278.5366   3.9341   2.4455
2017032600   22.0629 1103.7142   2.7235 278.1444   4.4308   1.5239
2017032700   28.6698 796.1837  58.7802 279.4809   2.3591   1.0512
2017032800   58.1049 682.6327  27.2996 280.9407   3.1776   0.7762
2017032900   83.8826 822.3828  18.0558 284.1883   3.8939   0.5209
2017033000   56.4771 725.5591  14.2902 280.7187   4.6216   0.4006
2017033100   25.2926 997.4531   8.9722 281.3450   4.2915   0.2955
2017040100   41.6801 776.3097  35.1081 283.8777   3.4117   0.2138
2017040200   76.6632 574.8369  24.5183 286.1171   3.1074   0.1614
2017040300  106.8010 693.4095  20.7566 288.6410   3.5973   0.1198
2017040400   84.8370 622.7599  17.5122 287.4899   3.9858   0.2058
2017040500   71.7348 518.3203  24.7667 284.4561   3.2694   0.1023
2017040600   94.4969 699.7410  42.3198 288.2527   3.7238   0.1145
2017040700   80.4138 399.3370  22.6497 285.4240   3.8664   0.2643
2017040800   44.6986 610.0226  14.5613 282.8442   3.7423   0.0968
2017040900   55.8785 658.1965   9.2678 283.3331   3.1127   0.0734
2017041000   49.5059 813.2333  15.3771 285.8905   4.5413   0.0615
2017041100   23.7334 859.3740  12.2193 282.1786   5.0222   0.0440
2017041200   30.1478 1024.4271  10.9160 285.3362   3.8165   0.0316
2017041300   52.4213 632.3245  14.5230 287.1105   3.7077   0.0754
2017041400   43.7278 1172.1053  14.3912 289.6909   3.5832   0.0633
2017041500   40.4616 1067.8081  30.0077 292.2825   3.2048   0.0480
2017041600   69.8209 776.4822  17.6506 290.4972   4.3942   0.0346
2017041700   37.6527 1501.2212   0.7740 288.0388   6.2209   0.0259
2017041800   30.4978 922.0475  25.5959 284.8899   5.4842   0.0302
2017041900   42.5530 825.5912   7.6971 284.3524   4.5389   0.0636
2017042000   33.7286 1117.1489   9.8356 286.1862   4.2082   0.0700
2017042100   29.1201 1156.2406  14.6166 285.0267   3.6880   0.0767
2017042200   30.3111 1292.9503   0.3800 289.3847   6.4096   0.0510
2017042300   32.0466 823.5065  18.5133 286.0428   3.9216   0.0422
2017042400   21.9276 1125.1544   1.6619 285.0798   5.8955   0.0243
2017042500   21.5378 1034.9926  25.3065 284.0568   3.8704   0.0170
2017042600   18.0585 1300.1633   0.6380 285.9446   5.0400   0.0121
2017042700   17.5296 1245.2776   0.3536 289.8606   6.1763   0.0079
2017042800   22.8494 1060.6051   0.4342 291.8578   5.3766   0.0053
2017042900   30.7903 1275.5736   0.4324 294.8744   5.3354   0.0037
2017043000   39.5874 763.2261  17.6266 290.1451   4.0976   0.0080
2017050100   43.3523 522.1743  12.3511 290.4943   4.2532   0.0081
2017050200   81.3796 887.0666  17.5157 293.3630   4.3272   0.0104
2017050300   53.2392 949.7892  34.2366 291.0173   4.5043   0.0674
2017050400   55.2584 1008.7305   6.6685 288.7573   4.1553   0.0065
2017050500   27.0618 1277.8486   7.0603 284.5680   7.4351   0.0168
2017050600   23.4644 965.0321  11.4787 289.0759   5.1132   0.0089
2017050700   34.1772 1092.5286  13.5488 293.0426   4.0107   0.0062
2017050800   51.0152 1415.8864  41.4922 294.8270   3.1266   0.0042
2017050900   45.7456 762.8747  22.8910 291.5876   4.8129   0.0152
2017051000   33.4833 1096.2427  24.9706 292.1534   4.2462   0.0062
2017051100   23.5663 959.4236   1.1624 288.8712   7.0601   0.0039
2017051200   28.6403 1273.0996   1.4961 291.1697   6.4095   0.0026
2017051300   20.9065 877.8376   8.0533 289.5996   5.4957   0.0019
2017051400   22.7709 1080.0726   4.2564 290.5565   4.1877   0.0014
2017051500   31.7881 1051.7899  46.7445 291.7041   2.6824   0.0011
2017051600   40.2385 1140.7573  15.1122 296.5868   3.9475   0.0019
2017051700   62.1184 970.3998  26.9637 298.3004   3.2190   0.0009
2017051800   75.2654 1000.0364  10.6603 300.2995   4.0488   0.0007
2017051900   68.7453 1213.7500  17.2959 300.9911   3.9035   0.0123
2017052000   69.5903 1227.8051  30.0424 298.8391   4.3181   0.0190
2017052100   61.4004 615.1286   6.0687 294.4223   4.8859   0.2639
2017052200   39.8159 393.3844   5.8637 287.5665   4.6472   0.3830
2017052300   22.6407 1032.7760  16.5848 292.3171   3.9616   0.0045
2017052400   18.5241 1510.4659   0.8568 296.1395   4.6910   0.0037
2017052500   26.8853 806.7406  12.5566 292.2668   3.6678   0.0033
2017052600   49.7298 695.6987   6.8625 295.8967   3.9651   0.0023
2017052700   79.0090 668.6763  18.9599 298.2516   3.4636   0.0016
2017052800   54.5569 869.2952   0.4918 298.7199   5.6196   0.0110
2017052900   35.2322 646.8605  38.1681 293.1573   4.4830   0.0320
2017053000   56.1833 721.9103  47.7747 295.3851   2.7543   0.0205
2017053100   49.4544 1176.8572   7.7853 297.4059   4.4944   0.0318
