Date         PM25    PBLH     PBLHm    T2         SPD     RAIN
2018030100   33.7766 793.0730  20.3760 273.7694   4.3615   0.1379
2018030200   98.1990 482.8128  19.5823 279.2186   4.1547   0.1136
2018030300  102.8962 520.2163  16.2464 281.8990   4.3499   0.1286
2018030400   40.3246 474.5983  54.0533 273.7724   3.5563   0.0979
2018030500   44.5796 513.4930  31.0428 272.0582   3.9742   0.0779
2018030600   45.0478 481.6212  12.3323 270.7122   4.9677   0.0648
2018030700   49.1841 571.9263  16.4502 272.3381   4.7983   0.6017
2018030800   49.9221 586.2747  15.0392 272.4777   3.5946   0.5616
2018030900   93.0507 416.9498  14.3987 278.3779   5.0481   0.4090
2018031000   80.3797 439.7784  31.5155 276.6281   3.9068   0.3081
2018031100   78.8759 321.4446  33.6717 276.0901   3.4004   0.2547
2018031200  148.4431 299.1573  18.8307 283.0043   3.7936   0.2347
2018031300  171.5739 401.6294  25.5144 286.5406   3.5548   0.2027
2018031400  121.8271 471.3654  17.9854 284.0511   5.9053   0.1796
2018031500   23.2928 731.6099  22.3553 273.7780   5.2466   0.1290
2018031600   37.7528 514.1613  26.5968 275.9877   3.5692   0.1030
2018031700   72.8716 303.8484  33.6720 275.8369   3.0272   0.9942
2018031800   96.1746 453.2799  56.2625 278.9063   2.9683   0.6844
2018031900   37.1640 841.6485   0.8864 278.6774   5.1617   0.4522
2018032000   30.4500 543.6913  80.0209 275.4854   3.4351   0.3201
2018032100   60.0157 489.2116  27.3992 278.2702   3.3463   0.2491
2018032200   77.6329 686.2908  19.8038 282.2259   3.2539   0.1963
2018032300   74.2452 756.8947   9.9619 283.4458   4.0568   0.1565
2018032400   50.5543 649.7651  24.2823 285.5388   3.9813   0.1147
2018032500   58.7788 704.2413  15.7213 288.4232   4.0688   0.0813
2018032600   85.4902 789.9583  23.6741 290.2719   4.6908   0.0576
2018032700   73.5986 793.8278   5.9698 292.4337   5.5030   0.0389
2018032800   65.8679 645.8166  18.1943 286.0786   4.5073   0.0275
2018032900   34.1407 533.2031  22.0672 281.5944   4.3589   0.0216
2018033000   53.2759 430.6898   9.5113 283.2805   4.3699   0.0179
2018033100   97.2834 541.0876  16.2165 288.2099   3.4428   0.0248
2018040100  118.8547 524.8335   9.0227 289.5906   4.1067   0.0192
2018040200   77.9266 739.6851   9.8147 289.8799   6.5253   0.0180
2018040300   19.3178 762.3932   9.0175 277.2643   4.9947   0.1188
2018040400   22.2672 595.0897  28.6726 274.2165   4.1569   3.0243
2018040500   36.8799 1162.5392   0.3889 276.6761   7.4307   3.2550
2018040600   20.7071 1374.5649   0.3530 274.6231   8.3044   1.7936
2018040700   26.4334 798.5215  12.3315 277.7082   4.2742   1.1262
2018040800   38.8260 753.0723  34.0509 282.3950   3.3274   0.7198
2018040900   92.8253 432.9474  21.3806 285.5790   4.0154   0.4660
2018041000   26.8154 936.2032   4.8023 285.2059   7.1099   0.2900
2018041100   28.6339 1036.6210  14.4580 287.0431   4.3719   0.1918
2018041200   37.2135 537.6711  22.2372 285.3958   4.7127   0.1406
2018041300   39.9849 483.6606   7.0359 280.6266   5.6911   0.3678
2018041400   19.1265 1072.3231   0.3925 280.9410   7.7550   0.0518
2018041500   28.6491 813.5874  18.1718 284.0728   3.3995   0.0389
2018041600   65.1449 883.3371  13.8426 287.8803   4.5356   0.0286
2018041700   81.8531 760.7241  14.8610 290.9626   4.7225   0.0214
2018041800   88.9702 687.1946  15.5097 293.4211   4.3028   0.0178
2018041900  101.7387 476.7244  31.3162 291.1605   4.9988   0.0155
2018042000   87.8554 819.2516  19.2880 294.3935   5.5978   0.0316
2018042100   41.7864 446.5162   1.4682 283.7132   7.8925   0.5826
2018042200   25.3114 524.2070   0.4134 283.6900   5.8325   0.0425
2018042300   32.7922 610.9121  15.8824 284.5596   4.5172   0.0179
2018042400   26.9724 792.4103   7.5917 286.9045   3.4173   0.0159
2018042500   46.4455 840.0811  31.5585 288.9233   3.3253   0.0121
2018042600   54.2165 972.3547  16.6931 290.4241   3.9744   0.0137
2018042700   38.6221 599.1880  14.1704 289.6331   4.0456   0.0110
2018042800   80.6421 664.7236  18.4448 295.2798   3.8042   0.0078
2018042900   54.6973 1062.5387  10.9349 295.6372   4.8814   0.0233
2018043000   41.1611 618.3748   8.0568 289.3297   4.5828   0.0305
2018050100   32.8288 940.1412   3.9262 288.3725   4.9294   0.0353
2018050200   16.3431 1536.9574   5.4315 287.8595   4.6149   0.0450
2018050300   21.5773 1030.3234  35.2698 288.5240   3.5891   0.0302
2018050400   58.6180 786.1755  13.7857 295.6111   5.2578   0.0415
2018050500   45.4449 749.3014  20.8199 290.7203   4.4120   0.0316
2018050600   45.9572 848.2435  44.9552 292.4846   3.0967   0.0154
2018050700   47.1952 614.0305  16.8902 290.0738   4.0692   0.0102
2018050800   40.2232 655.6345  24.6538 289.8006   3.2746   0.0074
2018050900   58.3714 669.1299   5.5122 292.1499   4.5039   0.0057
2018051000   75.1523 894.1866  51.1492 294.8910   3.2495   0.0295
2018051100   82.9410 650.8375  57.4255 290.1851   2.4770   0.0472
2018051200   85.7223 744.4294  48.1299 292.2697   2.9496   0.5523
2018051300   72.0820 729.5223  15.3699 294.3469   3.8943   0.0319
2018051400   83.6031 779.0063  25.8284 300.2210   4.1878   0.0288
2018051500   84.9614 694.6247  32.7319 299.3902   3.8289   0.1350
2018051600   75.7978 695.1005  13.9735 296.6734   4.0092   0.1438
2018051700   36.7488 584.2375  29.4793 293.1415   3.2134   0.1106
2018051800   40.2412 766.3355  32.3243 292.8430   2.8866   0.0325
2018051900   37.8764 803.4220  27.7846 291.3461   3.8389   0.0338
2018052000   46.3633 554.3616   1.3966 288.9589   3.6316   0.0907
2018052100   48.1980 451.7130  18.0360 287.4872   3.4355   0.2753
2018052200   35.2867 1224.8276  22.9211 287.7383   4.8348   0.0414
2018052300   33.4465 992.4890   0.6500 295.4327   6.1443   0.0232
2018052400   46.3907 1055.0259  10.1590 298.1853   4.0509   0.0146
2018052500   67.2721 757.7943   8.2145 297.8835   3.6923   0.0096
2018052600   66.6637 729.6180   5.7658 296.2515   4.9327   0.0075
2018052700   32.4365 1254.5475  13.4655 295.6763   4.3472   0.0069
2018052800   19.3327 1035.5382   8.9872 292.2413   5.1649   0.0042
2018052900   22.1218 1184.8687   1.4710 293.7192   4.8935   0.0028
2018053000   27.9462 1157.5006  24.9459 295.9708   3.2452   0.0019
2018053100   31.0184 992.0680  68.4212 298.0362   2.6867   0.0013
