Date         PM25    PBLH     PBLHm    T2         SPD     RAIN
2019060100   43.8131 1002.5486   2.1873 295.1568   3.2390   0.1680
2019060200   44.1347 1089.8755   1.5571 297.1647   3.9597   0.1406
2019060300   37.1425 1096.1653   2.1069 295.0457   3.3101   0.0801
2019060400   54.1630 531.4341   1.1256 293.7394   4.2258   0.0855
2019060500   48.2122 693.5969   2.2473 295.4794   2.9255   0.1438
2019060600   51.0290 544.0522   1.4056 292.1691   3.4984   0.2779
2019060700   44.6430 909.0888   1.1378 296.6562   4.0948   0.0295
2019060800   21.9601 1587.0406   1.0806 296.6709   5.6511   0.0127
2019060900   23.7792 1038.4524   1.7196 295.1473   4.4529   0.0104
2019061000   34.4466 1130.3545   2.0982 295.1013   3.2830   0.0116
2019061100   43.7917 646.3096   1.3533 295.3069   3.8713   0.0094
2019061200   45.0712 764.1124   1.2973 299.1444   4.7941   0.0619
2019061300   36.2359 605.6750   3.1082 295.9076   3.1642   0.2557
2019061400   32.2958 1077.5226   0.7123 296.8938   3.7545   0.0004
2019061500   27.4864 786.2430   1.1360 295.8278   4.3018   0.0506
2019061600   31.7291 456.2426   2.1661 291.1035   3.7893   0.1485
2019061700   48.6111 573.7087   2.0933 295.9069   3.5187   0.0390
2019061800   52.7607 652.8505   2.9300 297.5948   2.9560   0.1715
2019061900   59.2114 742.7190   2.4852 298.3656   2.9144   0.0782
2019062000   50.3357 1079.4557   3.9590 300.7840   2.6574   0.0608
2019062100   45.7712 456.8760   1.9013 295.4103   3.1878   0.4389
2019062200   34.7752 884.3508   2.1852 298.4827   2.6964   0.0073
2019062300   43.9492 958.8632   2.1295 300.3604   2.9762   0.0032
2019062400   46.9028 1137.3494   2.4328 300.6161   3.6459   0.0030
2019062500   50.9675 1081.8477   1.2424 298.9836   4.7190   0.0075
2019062600   50.3370 649.2571   1.2534 294.9834   4.2328   0.0007
2019062700   46.8988 567.8185   1.1697 297.1736   3.3513   0.0768
2019062800   41.7694 776.4473   1.7844 296.6367   3.2381   0.0257
2019062900   20.7475 1220.3706   1.0129 297.2315   5.4325   0.0076
2019063000   17.9293 1127.3979   0.7810 295.3896   4.3579   0.0036
2019070100   20.9670 1250.6061   3.5499 298.5559   2.4632   0.0740
2019070200   30.3294 848.9592   2.5409 297.8827   2.9359   0.1118
2019070300   26.6031 1207.1930   3.3822 300.4418   2.6421   0.0022
2019070400   39.7653 1231.8137   1.9526 302.6235   3.7399   0.0523
2019070500   29.2254 799.2180   0.9132 297.4849   5.3793   0.5683
2019070600   22.1161 687.1678   0.5065 292.8422   5.9829   0.5911
2019070700   31.7084 383.2482   3.0817 290.8142   3.0927   0.0991
2019070800   36.7091 701.9145   3.0112 296.2577   2.4810   0.0245
2019070900   40.8162 630.2745   4.3072 295.6502   2.1463   0.2418
2019071000   42.1554 519.3318   2.4939 292.7216   3.1101   0.2026
2019071100   39.4638 685.9966   2.4512 294.7261   2.7013   0.0289
2019071200   41.8989 877.3908   3.4043 298.9624   2.5747   0.0345
2019071300   41.5834 820.8537   2.6930 299.2209   2.5551   0.1109
2019071400   33.6756 774.8604   3.6569 298.6091   2.4290   0.1257
2019071500   43.7966 821.5818   2.4990 299.2513   2.6646   0.1272
2019071600   44.5511 402.3044   4.0357 296.0129   2.4430   0.5155
2019071700   60.8387 525.8598   3.0887 297.0122   2.5975   0.1539
2019071800   62.9019 695.0698   2.6179 298.0267   3.0293   0.0410
2019071900   53.7830 569.7609   0.8337 297.1365   3.8413   0.3154
2019072000   58.4291 384.5550   1.6175 294.8873   3.3188   0.0279
2019072100   53.9075 649.9383   1.5802 300.8194   3.2639   0.0050
2019072200   61.4595 555.3049   1.3183 299.5828   3.6473   0.6084
2019072300   36.5489 629.5488   3.1780 298.7436   2.6185   0.0121
2019072400   41.4412 765.0187   2.4177 302.4845   2.8080   0.0184
2019072500   34.3114 953.5709   2.0179 301.7741   3.1912   0.1304
2019072600   53.7561 731.7974   1.8218 302.3749   3.0821   0.0124
2019072700   55.9835 959.3641   2.0828 301.1124   4.2780   0.1309
2019072800   51.3953 557.1395   2.4146 300.3241   2.9292   0.7757
2019072900   29.9148 278.1094   2.4742 296.5524   3.4958   1.9253
2019073000   32.0733 679.2366   1.5609 299.9785   3.4494   0.0170
2019073100   32.4205 751.1113   2.7950 300.1668   2.8045   0.0178
2019080100   40.9073 678.1801   2.7153 299.3578   2.5567   0.0848
2019080200   34.8030 526.4728   1.6454 296.9121   3.1187   0.0878
2019080300   39.0043 573.1367   2.8293 297.0025   2.4601   0.0835
2019080400   40.9819 528.3528   0.8979 295.8246   3.7174   0.6049
2019080500   40.5185 247.2400   2.2722 293.6310   2.7963   0.5288
2019080600   45.8783 415.1921   2.1547 296.2054   2.7502   0.1303
2019080700   31.7703 422.4979   3.6715 296.1289   2.3364   0.4519
2019080800   42.0948 682.0989   4.0337 297.9305   2.3175   0.0545
2019080900   41.7407 363.1061   4.7022 296.3228   2.4789   1.7832
2019081000   33.4686 385.3718   2.3659 294.4564   2.8390   0.4794
2019081100   28.5985 338.8262   1.6930 291.9203   3.2551   0.1388
2019081200   26.0027 540.0831   2.2951 293.6635   3.5045   0.0706
2019081300   31.8081 438.5685   3.4764 293.7817   2.5317   0.0383
2019081400   29.2415 599.9824   3.8486 295.7735   2.3309   0.0005
2019081500   30.5380 535.4963   2.3500 295.9579   3.3758   0.1817
2019081600   15.6805 850.9635   0.5190 293.0632   5.5958   0.0157
2019081700   16.0403 798.6152   0.7061 294.1468   4.7471   0.0000
2019081800   29.3451 653.5853   2.3253 296.4232   2.7810   0.0000
2019081900   48.9780 704.7028   1.5170 298.4073   4.1070   0.0809
2019082000   45.0639 277.6793   1.1314 292.3283   4.0473   0.5481
2019082100   17.9844 690.8167   0.7293 294.6484   4.0776   0.0000
2019082200   16.6966 743.2305   0.5484 294.3098   4.5320   0.0000
2019082300   22.8503 615.8336   1.9959 295.6178   2.9850   0.0000
2019082400   25.1893 714.8162   2.3563 295.4902   2.7683   0.0018
2019082500   40.8357 621.6605   1.6498 295.4564   3.4003   0.0024
2019082600   58.8075 393.8596   2.0611 293.8881   3.1822   0.0816
2019082700   21.7871 968.2874   1.2504 294.8792   4.0789   0.0012
2019082800   14.8192 1038.2416   0.4501 292.0173   6.5730   0.0003
2019082900   15.9010 924.6619   0.4595 292.3610   5.6392   0.0006
2019083000   17.8223 834.4473   2.0812 292.6600   3.3792   0.0007
2019083100   25.9545 911.0479   4.3225 294.0071   2.3293   0.0010
