Date         PM25    PBLH     PBLHm    T2         SPD     RAIN
2016060100   47.4918 778.4533   1.7458 293.8363   3.3168   0.0005
2016060200   52.5068 812.0978   1.4221 295.8704   3.7211   0.0004
2016060300   80.0583 774.8030   2.5911 294.7919   2.9857   0.0043
2016060400   86.9488 1068.3529   1.7121 294.3178   3.1894   0.0086
2016060500   74.3168 845.8591   1.7707 293.2430   3.4050   0.0138
2016060600   73.9008 852.4807   1.5796 294.5095   3.6649   0.3046
2016060700   57.3470 699.6714   2.4625 292.1342   2.7422   0.0543
2016060800   89.1745 924.8679   2.3839 295.5256   2.9801   0.0443
2016060900   78.1959 1037.0198   1.4185 298.0851   5.0223   0.1432
2016061000   34.6539 1287.4607   0.8675 296.0544   5.6498   0.0626
2016061100   27.7681 1010.6121   2.8693 294.2588   3.4086   0.0215
2016061200   45.2421 1091.5505   2.9109 296.2713   2.9188   0.1097
2016061300   50.2372 577.7718   0.6179 292.3611   4.7475   1.6396
2016061400   34.6804 614.9515   0.5652 289.0427   6.8818   0.8418
2016061500   27.6626 967.0429   2.2064 294.6866   4.1970   0.0180
2016061600   31.0736 1173.3677   0.9847 298.9221   4.1676   0.0110
2016061700   30.7784 790.9009   2.0055 297.7092   3.1747   0.0487
2016061800   37.5860 980.3433   3.7942 297.6556   2.7454   0.0071
2016061900   59.6546 965.1192   2.2513 299.6664   3.1827   0.0139
2016062000   69.2858 643.6012   2.4411 297.7533   3.0064   1.1866
2016062100   66.2057 649.8073   3.5994 298.1881   2.7345   0.0493
2016062200   58.2122 791.7146   1.9247 300.0994   3.6061   0.0571
2016062300   46.9743 870.2587   1.9378 296.9908   3.9370   0.0119
2016062400   13.7229 1445.3575   0.4563 296.5997   5.4819   0.0085
2016062500   26.2671 1208.9138   1.8577 299.3514   3.5644   0.0059
2016062600   46.0524 1201.6921   2.3848 300.5833   3.7032   0.0176
2016062700   66.5033 772.7860   1.0207 295.8881   4.4627   0.5459
2016062800   65.0382 542.7918   1.6942 294.0930   4.0440   1.1591
2016062900   92.1977 675.6119   3.4771 296.6450   2.7093   0.1604
2016063000   46.5297 698.4515   2.3443 296.2911   3.8167   0.2958
2016070100   37.3622 878.3612   1.5384 295.4619   3.2162   0.0098
2016070200   43.8576 1051.1262   2.7079 298.2091   2.8308   0.0084
2016070300   82.4847 657.2966   2.4885 296.9157   3.0185   0.3735
2016070400   98.1745 459.9957   2.0725 294.5293   2.9853   0.1045
2016070500   80.2272 621.7065   2.9915 296.1157   2.6636   0.0430
2016070600   73.4452 663.8317   2.2240 296.6254   3.1773   0.0002
2016070700   88.7121 661.0353   2.1976 297.1400   2.9587   0.0310
2016070800   84.9302 622.4857   1.7825 298.0078   3.1976   0.0522
2016070900   86.2354 631.7746   1.8032 299.1777   2.8100   0.0638
2016071000   88.4787 812.7035   1.8452 300.2635   3.1420   0.0016
2016071100   77.6826 695.9460   1.4541 299.5859   3.7678   0.0935
2016071200   43.8996 290.7352   3.0982 295.2614   2.7528   0.5220
2016071300   34.6767 852.5931   2.1026 298.5804   2.8888   0.0005
2016071400   41.2243 564.5800   2.5165 296.4637   2.6954   0.7329
2016071500   36.3381 411.3804   2.0375 292.4247   2.8680   0.2906
2016071600   50.0173 429.4095   4.8777 292.9333   1.8800   0.0630
2016071700   72.9845 555.1063   4.1108 294.8011   2.0240   0.0274
2016071800   97.3361 572.5017   2.0191 295.9455   3.1972   0.4141
2016071900   78.3420 325.6835   1.3882 292.6495   3.9226   0.6283
2016072000   31.1629 451.4145   0.4685 292.3377   7.3853   2.9343
2016072100   46.9088 292.6206   2.6756 294.9515   2.7974   0.2533
2016072200   80.2399 470.6322   3.1484 297.5665   2.5711   0.0350
2016072300   87.7515 476.4183   2.1241 300.2386   2.9198   0.1317
2016072400   70.8543 504.4235   3.8255 300.1798   2.4060   1.3488
2016072500   41.0548 410.4839   2.0493 296.4435   3.6526   0.5820
2016072600   33.5082 592.0659   2.1060 297.3323   2.6612   0.0001
2016072700   56.8791 547.0634   2.8031 299.6231   2.7446   0.0495
2016072800   74.3686 489.4495   2.6732 299.0638   2.9144   0.4310
2016072900  108.5433 570.1042   4.1701 299.0066   2.3748   0.0401
2016073000   89.0825 334.0921   3.7732 297.0826   2.5071   0.5918
2016073100   65.0751 360.5093   2.7976 297.9145   2.6013   0.7591
2016080100   64.2330 458.6743   3.4752 297.4620   2.4036   0.2294
2016080200   43.3807 553.6611   2.1688 296.8260   3.1764   0.0079
2016080300   53.4646 509.5578   2.1853 296.8241   2.8168   0.0004
2016080400   71.5116 481.7724   2.8601 297.3061   2.5341   0.0062
2016080500   71.8725 457.4299   2.4847 297.4340   2.6066   0.0616
2016080600   72.9261 540.8213   2.0076 297.9526   3.0620   0.5187
2016080700   30.8271 482.4494   1.2892 295.1357   3.6645   0.2229
2016080800   33.7261 514.6261   2.6136 295.5792   3.0058   0.0187
2016080900   53.9320 439.3026   2.2592 296.2487   2.5112   0.0062
2016081000   73.1839 659.5634   1.2323 299.1890   3.8794   0.0270
2016081100   79.8296 499.1500   3.5126 300.3584   2.9245   0.2844
2016081200   48.1089 359.0702   5.1160 298.3867   2.2350   0.5421
2016081300   23.7583 388.9163   3.1877 298.0393   2.9326   0.0397
2016081400   33.3814 432.4507   4.1706 297.7132   2.3072   0.0946
2016081500   26.5672 386.7801   3.2165 293.9178   2.5131   0.0325
2016081600   38.4856 486.2503   4.9687 296.5753   2.2386   0.0036
2016081700   65.2369 329.5129   2.5725 295.0830   2.4503   0.6165
2016081800   59.3923 294.0908   0.6172 292.9217   4.2587   1.6245
2016081900   34.7672 428.0297   1.8782 294.1547   3.7360   0.0232
2016082000   44.9605 443.2634   2.9921 295.7842   2.3547   0.0048
2016082100   54.1595 468.9220   4.6729 296.5972   2.2175   0.0156
2016082200   52.5147 461.9272   2.8761 296.6075   2.5272   0.0009
2016082300   67.7164 357.2552   2.4384 296.3747   3.0387   0.3010
2016082400   62.6981 432.2322   1.9266 296.8730   3.0683   0.2694
2016082500   17.1985 679.4595   0.7962 290.6169   5.4988   0.0027
2016082600   19.1710 590.1916   2.7703 290.6194   3.0513   0.0000
2016082700   18.0375 804.0283   2.2624 292.9637   3.8283   0.0125
2016082800   21.0417 724.4940   1.3502 292.9876   3.5171   0.0113
2016082900   30.0622 599.6343   2.9357 293.8642   2.6810   0.0084
2016083000   36.0115 619.6094   2.5770 293.6896   3.3927   0.0329
2016083100   19.2849 969.7199   0.4781 294.3482   5.6274   0.0266
