Date         PM25    PBLH     PBLHm    T2         SPD     RAIN
2016030100   82.0042 421.1216  10.9217 276.7893   3.9915   1.2744
2016030200   80.4658 464.9239  11.8800 280.7251   3.8139   1.0247
2016030300  166.1365 404.4662  14.1747 282.0041   3.9507   0.7572
2016030400  111.7433 531.0708  10.6120 276.9944   5.1493   0.5850
2016030500   36.0074 815.9108  13.3501 274.9716   4.9336   0.4786
2016030600   66.1462 558.8956  21.2936 276.2818   3.8569   0.4314
2016030700   13.3863 925.4472   0.3557 272.0732   7.6269   0.3781
2016030800   12.4491 927.1438   0.4509 268.8884   5.8989   0.3259
2016030900   14.2179 1056.6204   0.9246 269.2026   5.3794   0.2860
2016031000   18.5889 877.8618   8.6007 270.4290   4.4294   0.2515
2016031100   32.5238 718.9291  23.9581 272.8807   2.9600   0.2212
2016031200   66.6935 672.0089  14.9565 275.5274   4.9050   0.1848
2016031300   28.5198 719.9462  10.4580 275.2563   4.3454   0.1462
2016031400   55.2410 583.0616  18.5906 280.0914   3.1772   0.1158
2016031500  108.1061 533.5056  26.7533 281.3109   4.0809   0.0866
2016031600  164.4469 567.7634  14.4149 283.6145   3.8234   0.0661
2016031700  143.5470 556.5039   8.8072 285.0135   4.5506   0.0522
2016031800   62.8658 573.3171   1.3250 282.8413   4.7740   0.0399
2016031900   52.2653 433.9898  14.4662 279.2348   3.5126   0.0324
2016032000   61.6088 443.9726  88.4647 282.1708   2.4530   0.0273
2016032100   95.4461 546.0941  15.6197 285.3844   4.2442   0.0227
2016032200   51.4969 755.3205   9.8377 279.0025   5.2184   0.2051
2016032300   17.3519 1004.6284   1.5065 276.6648   4.9232   0.1485
2016032400   19.7775 902.2276  29.4363 277.1277   3.8069   0.1166
2016032500   25.4598 998.1863  26.3837 277.9392   3.8077   0.0931
2016032600   20.0957 867.3021   4.4387 281.1387   4.5776   0.0709
2016032700   32.9197 896.2637   5.0691 284.3361   4.2126   0.0544
2016032800   40.1347 1128.8619  10.5509 283.7372   5.8737   0.0419
2016032900   23.7070 927.3749  15.8539 281.5345   4.5900   0.0321
2016033000   57.9581 491.3256  19.4120 284.2065   4.0865   0.0248
2016033100   76.8621 966.1298   4.0842 290.6049   6.9604   0.0225
2016040100   21.0958 890.6406   0.4657 283.3588   6.3352   0.0324
2016040200   15.3267 982.9417   8.3076 282.0703   4.1669   0.0563
2016040300   29.2747 912.8374  31.8108 282.6566   3.0309   0.0390
2016040400   58.4246 1011.4546  11.9116 285.4293   3.9890   0.0301
2016040500   81.8363 652.2626  22.0162 285.0926   3.9959   0.0218
2016040600   93.4465 818.9924   6.0975 288.3893   5.6395   0.0170
2016040700   20.6711 1120.5137   5.8160 285.3835   5.0386   0.0111
2016040800   26.1109 932.6117   4.9113 287.0248   5.9920   0.0073
2016040900   44.5763 751.7145  18.5647 284.7642   4.6848   0.0050
2016041000   40.4645 605.2831  14.6266 280.4273   4.1726   0.0036
2016041100   46.8700 457.0967  24.9219 281.5521   4.2836   0.2087
2016041200   78.5642 599.6961  63.1084 284.3861   2.8360   0.1250
2016041300   46.1239 1052.2003   1.8848 286.5542   5.9469   0.0868
2016041400   32.0437 643.6128  15.4208 284.4761   4.2566   0.0612
2016041500   59.8741 696.2084  21.6399 288.9402   5.5292   0.2199
2016041600   21.7353 1163.2723   3.0074 283.5153   6.5753   0.0380
2016041700   20.7819 1487.5938  10.9852 283.1877   5.7068   0.1488
2016041800   24.6947 1113.2014  23.8405 283.7215   3.8029   0.2456
2016041900   64.8378 481.6197   4.6197 283.8995   4.8216   0.1934
2016042000   61.7475 822.1599  12.0129 287.9939   3.4074   0.1154
2016042100   34.3555 1077.8773   6.0132 289.4853   6.2369   0.0733
2016042200   20.4534 890.7190   3.0920 285.9764   5.2744   0.0467
2016042300   30.5133 784.1111  20.4723 285.3610   3.8874   0.0332
2016042400   67.7655 836.0161   6.1049 291.4564   5.7709   0.0309
2016042500   74.4080 784.2195   4.4892 290.2699   5.3426   0.0282
2016042600   65.5899 541.0895  25.7634 287.2973   3.8547   0.0537
2016042700   73.4502 537.6156  60.5764 287.6934   2.4382   0.0377
2016042800   59.2106 758.5626  24.0006 288.9060   3.7618   0.0292
2016042900   89.7546 737.3266  11.3045 293.1790   5.3419   0.0477
2016043000  103.8920 584.9421  24.0632 292.8598   4.2157   0.0226
2016050100   83.7917 901.8954  12.6622 296.4811   5.2689   0.0674
2016050200   30.2384 586.0656   1.3095 284.7284   6.0541   0.3969
2016050300   18.0999 1235.6658   2.3071 287.6575   7.1421   0.0055
2016050400   32.9232 943.9371  20.7797 291.9202   4.2319   0.0994
2016050500   37.4275 1105.5627  13.5374 288.5409   6.3363   0.0276
2016050600   18.0403 913.8302   0.3950 286.9881   7.0632   0.0040
2016050700   29.2765 860.8895  24.9627 288.6674   3.4025   0.0023
2016050800   50.3126 798.3346  29.2524 291.2728   4.1876   0.0017
2016050900   42.5948 654.1996  19.7530 288.6523   3.3262   0.0235
2016051000   63.8267 1040.8484  22.5014 292.4653   3.5803   0.0052
2016051100   86.5334 966.6320   3.1753 296.4943   6.4632   0.5102
2016051200   21.8447 890.1324  17.5493 285.1193   6.2202   0.0232
2016051300   35.4095 981.9296  10.9143 289.4148   5.0380   0.1433
2016051400   43.8602 546.1737   6.2438 285.6965   4.4908   0.1822
2016051500   17.8205 1531.1337   5.3686 287.5738   5.8158   0.0003
2016051600   26.9351 1151.2487   6.5098 293.5658   4.3016   0.0002
2016051700   53.2963 1084.3419  26.9820 295.5159   4.1106   0.0001
2016051800   77.5731 797.5382  25.5069 294.3751   4.0862   0.0002
2016051900   79.7561 700.7440  14.9538 292.6810   4.2297   0.0003
2016052000   76.7165 614.1862   8.4698 292.1338   3.7788   0.0004
2016052100   58.7840 762.5443   4.1728 292.2931   4.1757   0.0005
2016052200   55.7037 759.6823  19.9312 292.6436   3.1164   0.0005
2016052300   66.0861 709.4609  25.1373 289.0963   3.2825   0.0816
2016052400   21.5572 1430.2246   0.7106 292.8315   5.7583   0.0092
2016052500   22.4472 1302.4099   0.4362 293.3821   4.9750   0.0061
2016052600   25.0219 787.2997  27.2875 291.9673   3.8225   0.0058
2016052700   50.8219 1021.6846   7.5040 294.3650   4.7631   0.0036
2016052800   53.4310 894.3747   5.9234 294.9300   4.9264   0.0023
2016052900   38.3759 736.7408  33.1348 292.2507   3.4814   0.0015
2016053000   69.4406 1034.6276  24.5924 298.9605   3.9811   0.0011
2016053100   36.9123 574.5693  22.3380 292.2289   4.9110   0.0008
