Date         PM25    PBLH     PBLHm    T2         SPD     RAIN
2017010200  102.8525 249.4870 142.2590 271.3741   3.4584   1.1891
2017010300  136.2309 161.5710 139.9389 272.5823   3.5060   1.0591
2017010400  183.4219 143.2858 182.7609 271.9748   2.7643   0.9698
2017010500  146.0114 190.0988 188.2001 271.0209   2.8095   0.9425
2017010600  168.6900 143.3598 238.3788 272.4694   2.1803   1.0618
2017010700  116.3770 223.2813 149.9675 270.3071   3.0515   3.4309
2017010800   43.3789 423.5366  93.6425 269.5750   4.5020   3.3939
2017010900   38.8796 516.8707  89.0562 267.7750   4.4686   3.0100
2017011000   37.9476 444.7922 131.8211 267.4671   3.5817   2.6533
2017011100   55.8200 374.5111 123.8754 269.0437   3.5640   2.3384
2017011200   44.3974 577.9932 127.4567 268.1996   3.9877   2.0952
2017011300   22.0628 498.3789  85.9780 266.5324   5.0245   1.8525
2017011400   36.1671 320.8318 160.1267 266.8847   2.9503   1.6709
2017011500   76.3510 273.3210 175.5049 267.6906   2.8938   1.5815
2017011600  100.2487 247.9872 205.9832 268.1718   2.5346   1.6978
2017011700   84.1719 440.7312 117.6625 268.1646   3.8216   1.7431
2017011800   66.8230 320.9318 159.3710 268.3533   2.9856   1.9992
2017011900   24.6583 805.2842  47.8893 263.4920   8.0834   4.6920
2017012000   39.9805 470.9405 110.5307 264.8358   4.0986   4.2962
2017012100   16.9255 798.8431  42.8711 263.8448   7.1001   3.8891
2017012200   39.3903 378.9225 171.6069 264.4993   2.9188   3.5669
2017012300   54.9293 239.6633 180.2806 265.8678   2.6726   3.3156
2017012400   91.0648 202.1666 244.5179 268.5145   2.1071   3.0509
2017012500  191.6052 257.3242 156.4902 271.2602   3.2825   2.7255
2017012600   51.7900 654.7400  80.6252 270.2630   6.4248   2.3157
2017012700   75.4350 369.1058 117.7348 270.2374   3.9103   1.9952
2017012800  140.3200 393.6357 111.4393 270.9362   4.6408   1.7864
2017012900   17.3679 763.0126  30.0628 265.5244   6.8528   1.5732
2017013000   37.4253 470.4930 109.0106 267.4861   3.5561   1.4131
2017013100   41.2495 530.9752  77.1668 268.9418   4.6972   1.2548
2017020100   42.6297 298.8661 162.1048 268.4019   3.0115   1.1220
2017020200  104.4266 223.9914 165.6825 272.3245   2.9345   1.0029
2017020300  162.0642 235.7686 184.7832 274.2790   2.7272   0.8914
2017020400  107.7883 435.0015 117.5659 273.4855   4.0668   0.7974
2017020500   24.4017 572.9019  86.2434 272.0255   4.4392   0.6900
2017020600   34.8458 399.3611 200.2458 270.8471   2.6632   0.6063
2017020700   64.8436 411.1588 157.6364 270.8842   3.2999   0.6308
2017020800   17.5106 901.7207  17.7179 267.6291   7.7988   0.6078
2017020900   11.2727 968.6269  22.6004 266.6540   7.7909   0.5177
2017021000   19.2104 661.7651  61.1650 268.6316   5.6706   0.4425
2017021100   49.7345 413.1222 163.4646 272.1014   3.1279   0.3897
2017021200   86.2421 408.3949 148.5366 274.2655   3.4197   0.3481
2017021300   77.2411 316.4384 184.3619 274.4707   2.8818   0.3091
2017021400  168.0292 280.7595 151.0075 275.7901   3.2392   0.2804
2017021500  169.1015 417.7774  88.7652 280.0124   4.8744   0.2479
2017021600   34.2147 710.7661  45.4985 271.8671   6.6971   0.3909
2017021700   38.3586 595.9661 146.1913 271.4330   3.3765   0.3230
2017021800   91.8656 541.1655 136.1655 276.4782   3.8810   0.2648
2017021900   35.7663 947.6592  23.1647 274.2007   7.8511   0.2040
2017022000   28.3307 518.7137 144.3040 271.2597   3.7573   0.1640
2017022100   55.9025 438.2592 149.9311 270.5222   3.3108   2.0176
2017022200   39.5450 795.6624  73.8347 272.3543   5.1959   2.3779
2017022300   27.9010 676.0204 106.8175 272.8010   3.8247   1.7290
2017022400   26.0548 704.2986  94.7432 274.9199   4.1276   1.2991
2017022500   26.4400 676.4725  96.2548 275.8141   4.1639   0.9907
2017022600   40.3198 521.3890 173.0677 276.5328   2.8378   0.7994
2017022700   55.0850 639.4933  92.5920 278.7440   4.1717   0.6331
2017022800   27.8239 880.9405  58.5604 277.9666   5.3033   0.4987
2017120100   73.9186 463.8284 115.6339 272.3110   3.7044   0.1279
2017120200  121.6530 393.6206 113.1403 274.1451   3.6054   0.1126
2017120300   26.6677 680.0817  93.2422 270.2766   4.5085   0.0987
2017120400   18.6074 813.1787  65.4054 269.1418   5.0377   0.0858
2017120500   31.5799 605.4797  63.1811 273.4808   4.7851   0.0750
2017120600   32.1040 718.1664  93.5260 273.3944   4.0591   0.0667
2017120700   18.8907 959.4839  56.1324 270.3703   5.6309   0.0599
2017120800   30.2652 511.2726  80.6656 273.6291   4.8698   0.0520
2017120900   40.5535 633.2362  89.7230 274.1667   4.3231   0.0463
2017121000   16.2199 882.4891 110.5055 268.8925   5.5685   0.0400
2017121100   18.1274 723.9581 151.7509 267.3244   3.7032   0.0350
2017121200   32.7095 435.2840 167.2265 267.2498   2.9528   0.0342
2017121300   49.7409 334.0860 239.9066 269.3087   2.2504   0.0434
2017121400   80.1254 368.1138 150.1706 270.3640   3.2248   0.1988
2017121500   21.4738 1003.9721  42.6100 268.1926   6.1196   0.2444
2017121600   18.4642 786.2953  81.0259 267.3608   5.3859   0.2062
2017121700   29.8403 666.0985  59.5388 271.6504   5.0914   0.1754
2017121800   18.2121 779.6564  93.9344 270.0653   5.0318   0.1480
2017121900   35.6628 603.9932  71.0583 271.8873   4.6874   0.1268
2017122000   31.4673 537.8297  94.9526 272.6942   4.2455   0.1103
2017122100   66.1282 314.5752 127.9961 273.8251   3.6135   0.0979
2017122200   40.7777 310.8184 127.9616 273.8590   3.6733   0.0851
2017122300   51.3572 533.1558 103.7332 274.8683   4.1649   0.0754
2017122400   20.5376 719.3213  84.0005 270.1709   5.5885   0.0633
2017122500   39.4048 464.3355 106.7158 271.1864   3.9513   0.0544
2017122600   43.6787 400.4197 157.5044 270.3413   2.9767   0.0492
2017122700   91.1237 218.8719 189.4396 271.6923   2.7501   0.2439
2017122800  120.2750 179.8846 227.7150 272.0871   2.2310   0.3819
2017122900  130.7371 358.3737 213.5149 273.2262   2.7119   0.3952
2017123000   43.0926 778.2339  96.5985 270.5493   4.0888   0.3425
2017123100   46.2579 481.1317 135.4139 270.4274   3.2511   0.2966
