Date         PM25    PBLH     PBLHm    T2         SPD     RAIN
2018010200   24.7447 502.5633  65.8699 266.0231   5.0161   0.1086
2018010300   20.6175 424.4342  86.2119 265.5183   4.6758   0.0997
2018010400   26.8910 289.3907 182.0589 266.3507   2.8761   0.0920
2018010500   34.7073 299.7977  87.9381 266.9144   4.4095   0.0855
2018010600   51.7851 180.6566 295.0069 269.3171   1.9243   0.0830
2018010700   49.9753 453.4562 137.9923 269.1862   3.6208   0.1054
2018010800   18.5860 982.7211  43.0621 265.7497   6.7475   0.1001
2018010900   13.3407 1220.3151  26.1760 264.2416   7.5442   0.0912
2018011000   12.4304 891.2816  36.8992 261.9000   5.8954   0.0836
2018011100   24.4134 444.3483 107.6853 263.0450   4.0568   0.0781
2018011200   57.6009 228.6441 107.7402 268.4754   3.8655   0.0736
2018011300  109.1714 217.6819 157.3547 270.2018   3.0917   0.0725
2018011400   49.8202 407.6288  83.7759 270.3590   4.5850   0.0763
2018011500   51.4046 338.1178 121.3751 269.5353   3.8698   0.0832
2018011600   55.5413 294.0441 181.4735 269.3489   3.0155   0.0862
2018011700   42.4929 472.7526 119.7459 268.8203   4.2253   0.0802
2018011800   62.8485 368.5341 107.0247 269.7313   3.9108   0.0741
2018011900   44.3588 382.2624 119.6994 270.2180   3.7691   0.0689
2018012000   38.4030 438.4086  87.4039 268.9576   4.5495   0.1175
2018012100   40.5210 370.7175  89.0204 266.6120   4.4829   2.0127
2018012200   20.7432 737.4117  56.9670 260.1833   5.6678   4.6256
2018012300   19.7770 569.1316 124.0202 259.1029   4.2851   4.2823
2018012400   25.0381 564.8882 135.0998 261.7292   3.6319   3.9664
2018012500   23.4883 480.2386 136.4379 260.7319   3.5360   3.6270
2018012600   47.2301 359.8557 207.0265 262.7856   2.3763   3.3584
2018012700   60.8009 528.7177 140.7924 264.3811   4.3106   3.1834
2018012800   15.4415 790.7960  48.4559 262.0856   6.3767   2.8651
2018012900   17.6413 583.4672  72.6301 265.5769   5.4520   2.4992
2018013000   21.9425 556.9785  93.6895 267.4541   4.2937   2.0777
2018013100   34.0581 446.4029 164.6394 267.1026   3.0076   1.7858
2018020100   32.8840 716.8694 110.1283 267.0553   5.3582   1.6924
2018020200   17.0822 755.2767  67.3607 263.3329   5.3870   1.6345
2018020300   20.1513 823.5203  96.4851 264.4284   4.0903   1.4680
2018020400   22.5638 814.3264  71.3621 265.9515   4.6972   1.3157
2018020500   22.5281 598.8042 130.1433 263.8704   4.0555   1.1760
2018020600   44.9276 571.4075  96.9199 267.5757   4.2243   1.0617
2018020700   27.6832 628.6878 110.3477 265.4583   5.0226   0.9457
2018020800   62.4085 532.7800  65.6986 269.3609   5.2930   0.8313
2018020900   21.3589 970.7792  34.6992 266.6009   6.9613   0.7124
2018021000   13.6852 1203.2074  81.3971 263.5154   5.8636   0.6203
2018021100   13.1032 1094.6766  45.1410 263.8579   6.9502   0.5507
2018021200   23.8720 567.1524  99.5330 268.6359   4.7876   0.4865
2018021300   45.8355 641.4919  70.4964 273.5398   5.6374   0.4194
2018021400   23.3815 615.0203 117.0283 269.4069   4.0731   0.3544
2018021500   49.6024 506.4692 102.8884 270.8795   4.0483   0.3128
2018021600   41.5199 496.2379 127.9150 270.1308   4.1586   0.2723
2018021700   91.8919 314.8223 149.4815 272.9404   3.2349   0.2417
2018021800   97.3557 393.2231 160.4196 273.5948   3.0025   0.2136
2018021900   83.2645 550.2012 110.0162 272.5338   3.8544   0.1896
2018022000   37.9466 704.8741 136.3423 271.0131   3.4003   0.1622
2018022100   38.8669 953.2756 114.9449 272.3547   3.8417   0.1395
2018022200   33.1316 969.3314 126.9135 272.9056   3.7608   0.1193
2018022300   29.4201 838.1559  78.3128 273.8939   4.9155   0.1042
2018022400   32.3415 598.5588  89.4837 269.4253   4.0929   0.0939
2018022500   75.0639 427.1200  99.7149 274.9400   3.9364   0.0793
2018022600  107.8026 392.2567 160.0944 276.9748   3.3154   0.0709
2018022700  126.4038 406.9267 117.4062 273.0054   3.9744   0.1379
2018022800   61.8643 952.1195  89.8012 274.0572   5.7262   0.1771
2018120100  124.1974 235.5366 145.2266 275.0068   3.2461   0.0519
2018120200  122.8664 413.4228 127.8603 276.3086   4.3873   0.3533
2018120300   32.1360 476.9746 129.8777 270.9135   3.8648   0.2901
2018120400   33.6952 529.9677 172.9719 268.5834   2.7740   0.2621
2018120500   51.9282 425.4195  86.7359 269.8119   4.8700   1.1792
2018120600   14.7837 809.2202  53.4429 265.0114   6.5174   1.7795
2018120700   13.2595 888.9315  54.3133 262.8015   5.7037   1.5886
2018120800   23.6237 480.8458 121.7926 264.9517   3.7271   1.4367
2018120900   53.6546 433.7471 132.0179 269.3445   3.4024   1.2710
2018121000   74.8341 400.6071 109.3708 269.7164   3.8507   1.1027
2018121100   30.4222 477.7136  96.9517 268.0496   4.3356   1.0048
2018121200   42.6974 512.7306  55.7267 270.6246   5.0182   0.8770
2018121300   32.5231 349.0237 168.1157 269.5370   3.1571   0.7694
2018121400   70.7964 350.2498 114.8090 270.7473   3.8302   0.6836
2018121500   92.6888 329.6057  79.4279 273.7019   4.2689   0.5898
2018121600   47.1961 604.7831  64.7205 273.3648   4.6812   0.5154
2018121700   36.6267 474.3623  69.8284 273.2226   4.4821   0.4492
2018121800   37.4376 344.5579 154.4585 273.1096   3.0604   0.4008
2018121900   44.9379 288.5883 167.6783 273.2159   2.9044   0.3656
2018122000   72.0701 349.0158 124.5197 274.1341   3.8473   0.3258
2018122100   55.3716 364.9671 114.9114 275.1856   3.8639   0.2895
2018122200   32.8211 656.3825 101.6868 272.9592   4.8737   0.2520
2018122300   27.4528 425.2620 120.4915 267.2056   3.6316   0.2175
2018122400   58.9477 377.8705 103.0713 269.4892   3.9311   0.1940
2018122500   25.2012 547.4111  97.2802 268.1974   4.3466   0.1706
2018122600   20.1638 581.3931 126.9800 264.3783   3.7443   0.1520
2018122700   12.0452 840.1051  36.7124 261.5266   6.7511   0.1345
2018122800   19.3853 566.7879  69.1746 264.0561   4.8422   0.1202
2018122900   25.2496 500.7553 136.5792 265.3039   3.4490   0.1087
2018123000   35.6124 342.8208 281.1014 265.8318   1.8822   0.1014
2018123100   59.2107 366.9344 219.7067 266.5646   2.4952   0.0946
