Date         PM25    PBLH     PBLHm    T2         SPD     RAIN
2018060100   38.3749 1055.3810   1.7420 299.4747   3.4485   0.0009
2018060200   63.2005 1039.0532   1.3729 298.4200   3.8685   0.0006
2018060300   45.9295 968.6754   1.2274 295.8816   4.1090   0.0006
2018060400   31.3951 1453.1422   0.8964 298.9099   4.9453   0.0003
2018060500   37.7081 1667.7389   1.0705 302.5934   5.5227   0.0002
2018060600   44.6130 1013.2775   1.8653 301.2636   3.8040   0.0155
2018060700   28.5725 1193.2321   2.8043 296.9058   2.9550   0.0800
2018060800   23.4614 1216.6019   2.6380 297.4684   3.2213   0.0828
2018060900   28.6762 395.7245   4.7418 289.9154   2.4652   0.3319
2018061000   43.1390 803.1832   2.6328 292.1593   3.0263   0.0456
2018061100   62.7133 680.3331   1.6889 293.8821   3.4297   0.0539
2018061200   67.2381 701.0247   2.8579 295.8099   3.2336   0.2401
2018061300   35.7365 561.4915   3.7730 292.7209   2.3925   0.2821
2018061400   47.6122 885.9707   3.3172 295.5825   2.7402   0.0559
2018061500   59.5366 681.3179   0.7673 295.4365   4.6044   0.0328
2018061600   73.6708 584.0405   2.3698 298.4987   3.5908   0.1323
2018061700   55.4144 721.8340   1.8445 296.6476   3.2704   0.2929
2018061800   68.9149 672.1292   1.7684 297.7718   3.4328   0.1663
2018061900   43.3361 1046.5477   1.4835 297.0268   3.7873   0.0357
2018062000   29.3401 1246.6113   1.8799 298.7232   3.0548   0.0059
2018062100   54.9446 1107.8673   1.8661 300.0464   3.1096   0.0175
2018062200   54.1869 821.9970   1.6898 298.2264   4.1175   0.1278
2018062300   56.3225 916.5952   1.6540 301.6100   3.5237   0.0287
2018062400   56.4653 784.0876   2.4174 301.0197   3.7218   0.0230
2018062500   89.6495 616.3970   2.4848 298.5504   2.9565   0.2155
2018062600   55.8609 1137.0688   1.8923 300.9649   3.6343   0.0337
2018062700   20.0947 1433.4650   0.4508 299.9041   5.7446   0.0069
2018062800   17.5162 1258.0601   1.0762 299.1831   4.6128   0.0061
2018062900   26.6850 1617.5746   2.4492 302.4401   2.9318   0.0258
2018063000   42.2257 1005.7070   1.8235 299.5702   4.0799   0.1120
2018070100   47.6792 723.6375   1.9733 296.3820   3.8389   0.0551
2018070200   50.5325 671.0905   2.3649 296.7585   2.9908   0.2504
2018070300   60.3147 650.6326   1.6470 297.8532   3.0123   0.1192
2018070400   55.8609 915.4422   2.5033 301.2157   2.7675   0.0414
2018070500   57.5449 923.2015   4.2073 301.1572   2.6600   0.2684
2018070600   52.0500 765.5292   1.0133 297.8278   3.9914   0.1000
2018070700   52.6644 536.2793   1.1234 295.3243   3.8383   1.0419
2018070800   61.1124 420.2440   2.4569 295.7213   2.8429   0.2918
2018070900   54.2738 441.6571   2.2501 294.5743   3.2944   0.1669
2018071000   43.6181 583.9131   3.6957 295.8802   2.3061   0.0220
2018071100   41.9762 308.6226   4.9175 294.0094   2.3093   0.7172
2018071200   47.3964 355.9847   3.5773 297.7656   2.5214   0.5544
2018071300   51.6155 378.6422   2.4665 297.6074   2.7102   0.7867
2018071400   55.7774 546.1385   4.3232 299.0407   2.1447   0.2211
2018071500   61.3714 656.3505   1.3997 300.1165   3.2656   0.5164
2018071600   47.2148 329.6341   1.4398 298.5871   3.1291   2.2414
2018071700   48.2375 376.7056   1.7135 297.6784   4.2734   3.2248
2018071800   70.0487 422.2805   2.5846 300.2889   2.4643   0.6553
2018071900   69.0164 415.6530   1.4031 299.9794   3.5451   0.7719
2018072000   69.1654 615.2650   1.8588 301.7008   4.0428   0.3416
2018072100   63.4831 515.3651   2.3581 301.6091   2.9658   0.7767
2018072200   48.5964 529.4243   2.4763 299.6169   2.7167   0.5165
2018072300   45.1450 522.2537   1.3451 297.4641   3.8505   0.1728
2018072400   34.3029 391.7800   1.7121 295.9989   3.0379   0.2197
2018072500   31.6072 524.4245   1.0954 298.0406   3.4038   0.0551
2018072600   33.0815 624.3691   1.9751 298.1118   3.1706   0.0373
2018072700   51.1773 552.1114   2.5301 297.7942   2.5367   0.0320
2018072800   58.0463 477.8698   2.2754 297.7422   2.6711   0.0590
2018072900   66.0514 544.5173   2.5968 298.5952   2.4813   0.0113
2018073000   65.4006 533.2291   2.7737 299.8386   2.6495   0.0109
2018073100   56.1644 510.3255   3.9531 300.9833   2.4017   0.0297
2018080100   62.5491 669.7598   3.5682 301.6111   2.2204   0.0136
2018080200   67.5599 624.0094   1.9896 300.7247   2.6337   0.0091
2018080300   61.2776 614.7064   1.9768 300.8279   2.6724   0.0090
2018080400   67.1081 491.2504   2.1412 300.0086   2.8880   0.0160
2018080500   50.0039 433.1404   1.7761 297.2746   3.2235   0.1022
2018080600   53.8331 485.1273   3.0029 298.8244   2.5310   0.3266
2018080700   61.9349 300.8648   4.9708 297.8374   1.9299   1.0417
2018080800   40.4453 412.7700   2.5466 298.1403   2.3129   0.1924
2018080900   32.5717 522.4759   3.3674 298.6237   2.4270   0.0054
2018081000   41.9198 500.9405   1.7801 298.7002   2.9172   0.0911
2018081100   57.9980 247.3008   3.1280 295.7608   2.6885   1.5717
2018081200   57.2813 382.0983   2.3372 297.3804   2.5838   1.0791
2018081300   51.1461 392.0991   2.5647 296.9012   2.7695   0.2446
2018081400   32.4185 415.3869   0.6732 294.1824   4.2085   0.2002
2018081500   25.1724 597.5408   0.4535 294.3274   5.8642   0.0824
2018081600   32.1299 383.2538   2.1170 294.0960   2.8770   0.0435
2018081700   41.0468 417.5018   2.0677 294.5195   2.5438   0.0823
2018081800   35.1464 377.8834   3.0356 293.5487   2.3443   0.0412
2018081900   35.8180 333.8790   2.0512 291.8871   3.0326   0.0773
2018082000   32.5031 502.8916   2.5031 294.1958   3.1954   0.0044
2018082100   26.4569 526.4380   1.3739 296.1831   3.7860   0.0037
2018082200   38.4720 484.6065   2.1667 294.1705   2.7036   0.0101
2018082300   33.0183 534.7080   1.9963 294.7048   2.9574   0.0233
2018082400   40.7544 611.6218   2.5379 295.1756   2.8017   0.0076
2018082500   50.4909 520.3823   2.2624 296.7832   3.0753   0.0327
2018082600   82.0348 480.8632   3.0744 296.3996   2.7321   0.1552
2018082700   59.0321 420.1391   2.4428 295.0938   2.9535   0.0866
2018082800   75.5817 382.0940   2.2406 294.2480   3.1310   0.0380
2018082900   66.8739 528.6970   2.6736 295.4539   2.9124   0.0205
2018083000   52.6594 334.0121   4.9335 292.9207   1.9488   0.0807
2018083100   34.1740 583.9916   2.7326 293.6542   2.3792   0.0066
