Date         PM25    PBLH     PBLHm    T2         SPD     RAIN
2017060100   31.0059 1057.5059   1.8574 294.6396   3.5584   0.0291
2017060200   32.3006 620.0374   1.1768 289.5824   4.6099   0.1120
2017060300   30.7711 1001.0529   2.8193 292.7664   2.9191   0.0202
2017060400   43.6306 1139.8901   3.6273 296.9228   2.5736   0.0135
2017060500   54.4002 1046.6648   1.4247 294.8314   4.2793   0.1958
2017060600   46.0552 292.8990   1.3200 285.8796   3.4181   0.3831
2017060700   36.2551 1003.0376   0.8452 293.9776   3.8045   0.0002
2017060800   29.1493 1417.0713   0.9951 298.3489   4.2483   0.0505
2017060900   29.7069 1221.0343   1.8754 298.9084   4.2445   0.0381
2017061000   28.2994 625.0717   1.7728 293.7469   3.7728   0.0289
2017061100   38.1032 764.2126   1.0821 294.9187   4.1887   0.0838
2017061200   43.5001 609.1219   2.2159 291.8912   4.5131   0.0939
2017061300   49.1184 868.1746   1.7984 293.8832   2.8830   0.0280
2017061400   40.4666 1070.3911   2.1938 299.4889   3.2409   0.0109
2017061500   48.8453 1229.8488   1.4241 301.4311   3.3679   0.0197
2017061600   67.7380 1264.2957   1.3142 301.4506   4.3949   0.0137
2017061700   73.8267 1150.9553   1.1554 300.9727   5.1041   0.0538
2017061800   59.9073 820.5892   2.8701 298.9846   3.5442   0.2581
2017061900   42.5177 1032.8507   3.4219 297.7469   2.6538   0.0338
2017062000   38.8451 1208.5559   2.4897 298.4701   2.8725   0.0460
2017062100   57.4132 729.5164   3.0479 297.6338   2.8864   0.4403
2017062200   43.2659 576.0595   0.5195 294.3969   5.6611   2.5122
2017062300   33.4917 404.1063   0.6250 291.7265   4.5117   1.2838
2017062400   34.7596 413.2847   3.4021 292.8657   3.1811   0.1602
2017062500   36.5826 733.2748   3.1231 296.5055   2.4772   0.0574
2017062600   41.6894 852.1674   4.4089 297.9454   2.2779   0.0414
2017062700   62.8298 718.9254   1.7154 299.1731   3.6212   0.0274
2017062800   82.7960 704.3890   1.6157 300.5938   3.9460   0.0927
2017062900   64.1180 743.2899   2.0848 300.8174   3.1265   0.0589
2017063000   81.4013 722.8187   4.1615 300.5437   2.3904   0.1724
2017070100   90.4443 892.4838   2.0431 301.0749   2.8596   0.0406
2017070200   73.9117 652.3457   2.6992 300.2281   2.9420   0.1114
2017070300   75.5203 627.0840   2.8311 300.1867   2.8666   0.4265
2017070400   58.1577 455.9380   4.6941 297.8873   2.2396   0.6972
2017070500   79.1547 595.7981   1.4193 297.9303   3.4399   0.1591
2017070600   57.0447 372.7518   1.5597 295.3008   3.6800   1.1804
2017070700   41.3946 709.6774   1.0679 299.5589   4.0821   0.0009
2017070800   48.1258 725.1013   3.4808 301.8217   3.1338   0.0078
2017070900   46.0885 736.6898   2.0201 301.0015   3.3470   0.0342
2017071000   27.9484 995.8226   3.5080 301.3967   2.8003   0.0011
2017071100   54.9217 781.7576   2.0715 303.0681   3.4820   0.0337
2017071200   63.6060 868.2166   1.1719 304.8077   4.2469   0.0259
2017071300   63.2891 744.7201   1.5261 305.2379   4.1710   0.0287
2017071400   43.8016 597.3230   1.9165 301.2518   3.1471   0.8718
2017071500   40.8543 728.6494   1.2167 300.3107   3.0964   0.0301
2017071600   52.8498 653.0201   1.7842 300.5491   3.0100   0.0011
2017071700   61.0724 639.2644   3.7933 301.2348   2.2149   0.0411
2017071800   60.4018 693.6140   3.6039 301.2219   2.4696   0.5470
2017071900   83.6772 543.0339   3.8170 300.3271   2.1755   0.3143
2017072000   79.7594 609.0938   1.7175 300.6637   3.6331   1.6276
2017072100   30.7757 342.7338   2.4813 295.2886   3.0702   0.1419
2017072200   37.3892 364.5055   7.9481 296.4992   1.6226   0.4150
2017072300   59.7121 270.4018   5.9724 296.5812   2.0714   0.3116
2017072400   44.8907 557.5143   4.3548 298.8574   2.4396   0.0609
2017072500   39.4172 534.3724   2.3830 296.7621   2.9253   0.0149
2017072600   38.1859 247.0003   3.3485 292.4904   2.8200   0.5522
2017072700   47.2657 390.1043   5.1910 296.7528   2.1504   0.0005
2017072800   37.9216 527.9884   1.6148 296.7416   2.6885   0.0007
2017072900   38.9655 708.2671   2.3793 297.0480   2.7589   0.0038
2017073000   54.1938 549.4774   1.8482 296.7642   3.1928   0.0383
2017073100   74.5342 541.7144   2.0258 297.4879   2.9176   0.0079
2017080100   54.6200 545.6217   2.1328 297.7367   2.9297   0.0448
2017080200   37.5350 322.6193   1.7740 296.0125   3.1968   1.5531
2017080300   37.7232 389.5020   2.1167 296.2932   3.1760   0.0546
2017080400   38.4949 487.4875   2.5391 299.2861   2.4734   0.0137
2017080500   41.9271 451.4050   2.9440 298.0487   2.5147   0.0879
2017080600   30.5496 682.4374   2.0206 298.1541   3.4173   0.0174
2017080700   23.7700 717.8290   2.0327 298.4482   3.3500   0.0015
2017080800   36.8278 548.1926   4.9509 297.9512   2.1169   0.2116
2017080900   42.9311 426.1960   2.6769 295.5195   2.4015   0.2183
2017081000   69.9578 560.9647   2.5229 297.5013   3.0598   0.0057
2017081100   79.6202 472.1011   1.1543 297.8629   4.1975   0.3186
2017081200   58.6754 405.6923   1.7884 296.1482   3.3509   0.2120
2017081300   46.8968 437.9792   3.0459 295.0823   2.7395   0.1208
2017081400   37.6822 513.4118   4.4844 295.1936   2.0265   0.1249
2017081500   55.0458 537.6364   3.9840 296.5098   2.3051   0.0527
2017081600   45.4761 492.7805   2.8952 296.1724   2.6594   0.3487
2017081700   36.4180 534.7885   2.2408 295.1668   2.4422   0.1145
2017081800   49.3405 510.8025   2.7045 295.1609   2.2505   0.0676
2017081900   47.5942 503.7552   4.1719 295.0143   2.2193   0.0634
2017082000   57.0710 503.9891   2.5416 295.2028   2.6611   0.0370
2017082100   59.1560 527.1423   3.4615 298.0853   2.4483   0.0015
2017082200   71.7749 442.7169   3.3929 297.1951   2.5210   0.7792
2017082300   41.7223 587.7336   2.1846 297.1104   3.3754   0.0129
2017082400   20.7391 689.8365   0.7130 293.6976   4.2830   0.0003
2017082500   18.3714 683.2643   0.6941 292.9715   4.4943   0.0000
2017082600   24.9408 612.0576   2.3302 294.0780   3.0998   0.0864
2017082700   31.1892 232.4538   3.0483 288.2590   3.0715   1.0415
2017082800   22.7180 651.0267   1.5245 290.6346   3.6428   0.0005
2017082900   31.8838 567.7067   1.1962 289.8399   4.2937   0.0002
2017083000   48.5854 469.5036   2.5302 292.4143   2.8691   0.0097
2017083100   75.3323 465.4557   1.9506 292.6823   2.9860   0.0286
